28 2.33895635042144E+0004 1.39383800203265E+0003 2.40342849662519E+0003 1.86385551591796E+0003 6.97216452450961E+0003 0.00000000000000E+0000 0.00000000000000E+0000 0.00000000000000E+0000 0.00000000000000E+0000 0.00000000000000E+0000
29 2.29517676207682E+0004 1.39386572392369E+0003 2.32166134269917E+0003 1.79772873040376E+0003 6.83160562027078E+0003 1.28487422213110E+0003 6.31077025322839E+0001 1.52993850773715E+0002 1.20265344559958E+0002 3.89097868799293E+0002
30 2.65531325525431E+0004 1.65720691582855E+0003 2.62747087889609E+0003 2.03029013391287E+0003 7.88834411548334E+0003 2.74216560666827E+0002 1.38557192128332E+0001 3.20757045442624E+0001 2.51775556004963E+0001 8.28781296058605E+0001
31 3.02283891882616E+0004 1.93044750806371E+0003 2.93599844925812E+0003 2.26469180171163E+0003 8.96628646735079E+0003 1.41489274647613E+0002 6.46521272171833E+0000 1.77852953661333E+0001 1.40499996608229E+0001 4.31495477751090E+0001
32 3.38194372249120E+0004 2.20392016646103E+0003 3.23139750112820E+0003 2.85027041857579E+0003 1.01052060746585E+0004 1.81313252787203E+0002 8.84626492377064E+0000 2.17479901888001E+0001 1.56101328522004E+0001 5.46042337804738E+0001
33 3.62782529382110E+0004 2.41067904158714E+0003 3.41256977321085E+0003 2.85644669887912E+0003 1.07899076284531E+0004 1.30505011630623E+0003 8.03806604917390E+0001 1.30418215590341E+0002 1.10286760505185E+0002 3.90272580694439E+0002
34 3.87213845045934E+0004 2.60497197563807E+0003 3.60549111916662E+0003 2.89874988683301E+0003 1.14793433966954E+0004 1.17415734617058E+0003 8.67895064937790E+0001 1.02209285859503E+0002 7.12807977819186E+0001 3.44264864713387E+0002
35 4.21392793145027E+0004 2.87790195880713E+0003 3.87632280347413E+0003 3.00607518541147E+0003 1.24558990229269E+0004 1.46854451828232E+0002 7.32343955410480E+0000 1.72791068291055E+0001 4.36590198287297E+0000 4.21974960466355E+0001
36 4.47313991029435E+0004 3.09967270206623E+0003 4.06707890527103E+0003 3.03021166427750E+0003 1.31828069698940E+0004 8.77381998502790E+0002 5.41882644702949E+0001 8.70612862016696E+0001 6.67229482564028E+0001 2.60485079383478E+0002
37 4.78228664710819E+0004 3.35511272192868E+0003 5.88749687843227E+0003 3.09019715571386E+0003 1.44373615745175E+0004 3.48243163342716E+0002 2.19663067314441E+0001 4.84215838158444E+0001 2.61317196817359E+0001 1.06743065657217E+0002
38 5.10245331929241E+0004 3.62259218961769E+0003 6.07076129509934E+0003 3.17707050475312E+0003 1.53347897237745E+0004 2.27549882044305E+0002 1.25915973831380E+0001 3.11580057333416E+0001 1.57971662490263E+0001 6.89031963383547E+0001
39 5.36800896078361E+0004 3.85645179497823E+0003 6.18610959844047E+0003 3.20836380635534E+0003 1.60634435538265E+0004 6.90620089768194E+0002 4.25136109066915E+0001 8.74560200775814E+0001 4.94302621159865E+0001 2.08804795888429E+0002
40 5.64488014188142E+0004 4.09604232687655E+0003 6.31230595599005E+0003 3.21952423772096E+0003 1.68184017454564E+0004 4.48421710861192E+0002 2.94647417249570E+0001 5.59806518509004E+0001 2.94752214061328E+0001 1.35202158202364E+0002
41 5.96601579199452E+0004 4.36735752763310E+0003 6.49058328030135E+0003 3.27320357690910E+0003 1.77099125531493E+0004 0.00000000000000E+0000 0.00000000000000E+0000 0.00000000000000E+0000 0.00000000000000E+0000 0.00000000000000E+0000
42 6.23612751934265E+0004 4.60690755414898E+0003 6.60138920622051E+0003 3.34890936450742E+0003 1.84604355163928E+0004 5.11691974347881E+0002 3.43468092523144E+0001 6.04349110146041E+0001 3.13894243033712E+0001 1.53087148540361E+0002
43 6.50627342762071E+0004 4.84899172609132E+0003 6.71757024181496E+0003 3.39628263266660E+0003 1.92061389304272E+0004 5.08700913312794E+0002 3.41137079127629E+0001 6.01932188085656E+0001 3.12347488428009E+0001 1.52218221330462E+0002
44 6.63625010752558E+0004 4.99113667218493E+0003 6.68439628005478E+0003 3.37549076302560E+0003 1.95392459497251E+0004 1.90822868524192E+0003 1.36334673804510E+0002 2.03062628879203E+0002 1.03120266613759E+0002 5.64179101089457E+0002
45 6.92554158961831E+0004 5.25231390792608E+0003 6.81175914639588E+0003 3.42485309951333E+0003 2.03386420920044E+0004 3.01762576900483E+0002 1.85988927642796E+0001 3.61709851682403E+0001 1.84443710994847E+0001 8.99944382237971E+0001
46 7.21563986684841E+0004 5.51656842558078E+0003 6.94829387874238E+0003 3.49804178328069E+0003 2.11486326614611E+0004 3.03397886845996E+0002 1.87160202365592E+0001 3.63478927737151E+0001 1.86723332058465E+0001 9.05121919349078E+0001
47 7.31057992610575E+0004 5.62668988733621E+0003 6.91852888415901E+0003 3.45542767606276E+0003 2.13855469700677E+0004 2.21197229537429E+0003 1.71109446466989E+0002 2.13048048638935E+0002 1.07488924202354E+0002 6.48868491523819E+0002
48 7.39842048796592E+0004 5.73523111021728E+0003 6.88541879311673E+0003 3.41930869670055E+0003 2.16057992351265E+0004 2.25076890196176E+0003 1.71601913607240E+0002 2.17576757747924E+0002 1.09671021456109E+0002 6.59908462745529E+0002
49 7.56156551620765E+0004 5.90927173337039E+0003 6.93317620869506E+0003 3.44579040186815E+0003 2.20569344414424E+0004 1.46490898524186E+0003 1.05051680357572E+0002 1.38683387061683E+0002 6.83016729883502E+0001 4.26466974155871E+0002
50 7.83514795154364E+0004 6.17019870378380E+0003 7.09463957500333E+0003 3.52349828135771E+0003 2.28335558581396E+0004 3.67517925921534E+0002 2.09107096075631E+0001 2.56763350438300E+0001 1.31623751815250E+0001 1.02544162981068E+0002
