48 7.71673517472894E+0004 6.28162478317580E+0003 6.18121405111024E+0003 4.68225593762827E+0003 2.26349871646089E+0004 0.00000000000000E+0000 0.00000000000000E+0000 0.00000000000000E+0000 0.00000000000000E+0000 0.00000000000000E+0000
49 7.74957243942579E+0004 6.35270552848252E+0003 6.17263486867798E+0003 4.67326914082136E+0003 2.27266401437375E+0004 1.77603187330646E+0003 1.28767194219277E+0002 1.55120737321433E+0002 1.18434007602586E+0002 5.22804914987942E+0002
50 7.78508264807976E+0004 6.42702295794700E+0003 6.16554148077207E+0003 4.66536681027652E+0003 2.28261018551504E+0004 1.75743470338867E+0003 1.27472533271879E+0002 1.53510597265825E+0002 1.17207920302556E+0002 5.17350181014944E+0002
51 7.74257566961486E+0004 6.43395623509657E+0003 6.10022201269451E+0003 4.61370462784958E+0003 2.26976734972294E+0004 2.51614622554066E+0003 1.93925448419629E+0002 2.09602230481266E+0002 1.59328883615503E+0002 7.38960669133691E+0002
52 7.76160101344390E+0004 6.49592075353430E+0003 6.07975429775228E+0003 2.78032060152252E+0003 2.23132813889396E+0004 1.89357523617690E+0003 1.39308080846265E+0002 1.63631738110202E+0002 7.36009508028248E+0001 5.44827841424687E+0002
53 7.80998431149376E+0004 6.57601462258251E+0003 6.08813963724284E+0003 2.77593650426920E+0003 2.24495841309677E+0004 1.58432356453456E+0003 1.20966293196239E+0002 1.32963573161715E+0002 5.87078437602004E+0001 4.55270705916652E+0002
54 7.78034605844460E+0004 6.59818019457239E+0003 6.03004801909276E+0003 2.73466250877928E+0003 2.23599243136537E+0004 2.37057860053494E+0003 1.80552128703861E+0002 1.99257141154839E+0002 9.28697618236422E+0001 6.82381831732149E+0002
55 7.98341836869716E+0004 6.79813501886236E+0003 6.16742733387066E+0003 2.78249702244263E+0003 2.29397383349153E+0004 0.00000000000000E+0000 0.00000000000000E+0000 0.00000000000000E+0000 0.00000000000000E+0000 0.00000000000000E+0000
56 8.18770780521352E+0004 7.00011208226524E+0003 6.30518304064625E+0003 2.82066796387171E+0003 2.35207298733404E+0004 0.00000000000000E+0000 0.00000000000000E+0000 0.00000000000000E+0000 0.00000000000000E+0000 0.00000000000000E+0000
57 8.21952471523956E+0004 7.07012759607386E+0003 5.99845272335712E+0003 2.79449880919821E+0003 2.35339983074460E+0004 1.73690532781033E+0003 1.33981099367835E+0002 1.42987241007958E+0002 6.36818096792413E+0001 4.98613314687689E+0002
58 8.29724818325556E+0004 7.17019331511746E+0003 6.01253904564799E+0003 2.79347466139981E+0003 2.37476853251330E+0004 1.26659654220682E+0003 1.03768022374055E+0002 9.32933891907685E+0001 4.31098599871043E+0001 3.61624275302100E+0002
59 8.38398289225762E+0004 7.28946634254922E+0003 6.01866509866702E+0003 2.79318528175709E+0003 2.39858749549319E+0004 1.17801283938014E+0003 8.55968497466129E+0001 9.87852828140452E+0001 4.67356549992524E+0001 3.38191350465614E+0002
60 8.38873084850655E+0004 7.33698821827617E+0003 5.96474296274577E+0003 2.75638073850691E+0003 2.39869008971026E+0004 1.95069886118249E+0003 1.53542891485908E+0002 1.50988182970970E+0002 6.93093345857330E+0001 5.57889424854024E+0002
61 8.58302832815693E+0004 7.53368301680114E+0003 6.05397025059186E+0003 2.77503784307928E+0003 2.45263138540899E+0004 0.00000000000000E+0000 0.00000000000000E+0000 0.00000000000000E+0000 0.00000000000000E+0000 0.00000000000000E+0000
62 8.77853314906730E+0004 7.73231860509506E+0003 6.13989950572234E+0003 2.80170548690101E+0003 2.50702212212139E+0004 0.00000000000000E+0000 0.00000000000000E+0000 0.00000000000000E+0000 0.00000000000000E+0000 0.00000000000000E+0000
63 8.97524631066405E+0004 7.93289519834689E+0003 6.22552604067996E+0003 2.83607790429436E+0003 2.56192709399909E+0004 0.00000000000000E+0000 0.00000000000000E+0000 0.00000000000000E+0000 0.00000000000000E+0000 0.00000000000000E+0000
64 9.04530929459744E+0004 8.03050245831966E+0003 6.21474998166168E+0003 2.82576531524072E+0003 2.58057865682871E+0004 1.27859608830864E+0003 1.04910818155174E+0002 9.60747618802270E+0001 4.46270677087206E+0001 3.65810096652663E+0002
65 8.94799962130834E+0004 7.98464242495562E+0003 6.07808091668760E+0003 2.76112586343052E+0003 2.55129229003577E+0004 2.95065214405817E+0003 2.49088143718715E+0002 2.20946351452960E+0002 1.03399010258685E+0002 8.45780555877248E+0002
66 9.07576229585790E+0004 8.13593433724507E+0003 6.10395893699478E+0003 2.77827536906136E+0003 2.58661899844512E+0004 6.55203300896335E+0002 4.82556935603380E+0001 5.54427726904923E+0001 2.62759456745852E+0001 1.88442651077221E+0002
67 8.96662853627724E+0004 8.05114598931303E+0003 5.99377115432615E+0003 2.72378132318190E+0003 2.55443961191024E+0004 3.00130859039911E+0003 2.82665950900144E+0002 1.92356374168692E+0002 8.76557238677942E+0001 8.55356793440577E+0002
68 9.07057919767767E+0004 8.18237251440481E+0003 6.01895852717654E+0003 2.73495479636945E+0003 2.58340986755346E+0004 8.68897962274257E+0002 6.69806184734288E+0001 6.66167164128938E+0001 3.08876250404160E+0001 2.48011901328238E+0002
69 9.11743675782624E+0004 8.26062771655861E+0003 6.00328023670458E+0003 2.72835194911095E+0003 2.59599905953528E+0004 1.41610826876136E+0003 1.18127582842531E+0002 1.03940220289750E+0002 4.83885364924150E+0001 4.04775506012653E+0002
70 9.30540040912667E+0004 8.45734475286052E+0003 6.09257803531467E+0003 2.75952947555459E+0003 2.64872295251992E+0004 0.00000000000000E+0000 0.00000000000000E+0000 0.00000000000000E+0000 0.00000000000000E+0000 0.00000000000000E+0000
