28 4.64022854071343E+0004 2.81559253686532E+0003 4.70227581138549E+0003 3.64188958168616E+0003 1.38148904008970E+0004 0.00000000000000E+0000 0.00000000000000E+0000 0.00000000000000E+0000 0.00000000000000E+0000 0.00000000000000E+0000
29 4.83271234102118E+0004 2.98412885727625E+0003 4.82862190078442E+0003 3.73473792790315E+0003 1.43699069030821E+0004 1.51324174097975E+0003 8.62039294623130E+0001 1.64716765837555E+0002 1.28547233862686E+0002 4.54250320834153E+0002
30 5.20062111059745E+0004 3.27013971261908E+0003 5.12313467963261E+0003 3.95731589734421E+0003 1.54456323349368E+0004 5.27114785267518E+0002 2.74267794395255E+0001 6.00693038242149E+0001 4.70290678118567E+0001 1.58793584722347E+0002
31 5.51116186684808E+0004 3.53143915090413E+0003 5.34766717491910E+0003 4.12487796924135E+0003 1.63477447112508E+0004 1.12677481825924E+0003 5.89884089813986E+0001 1.27951798164850E+0002 1.00147977394643E+0002 3.39327120672032E+0002
32 5.83019421687229E+0004 3.80582756438607E+0003 5.57252919682615E+0003 4.19818854658416E+0003 1.72508369943646E+0004 1.14851204752006E+0003 5.88803990145973E+0001 1.32288886858173E+0002 1.01777324654962E+0002 3.45950077931469E+0002
33 6.19948745045888E+0004 4.11237820990035E+0003 5.84826165043214E+0003 4.30085518646724E+0003 1.83015286923333E+0004 6.31732089329555E+0002 3.04366232297698E+0001 7.62233710584560E+0001 5.99866254199259E+0001 1.91610890169050E+0002
34 6.49558798259068E+0004 4.37389422266947E+0003 6.05450863256283E+0003 4.18960652280867E+0003 1.90977334089475E+0004 1.27817055958562E+0003 7.40354908792651E+0001 1.34428954029112E+0002 7.98563807008295E+0001 3.75957932446758E+0002
35 6.82446909579330E+0004 4.66265696036513E+0003 6.28624076262921E+0003 4.22024533145240E+0003 2.00193201629711E+0004 9.34709554196031E+0002 4.98481842320108E+0001 1.04282300536834E+0002 4.36336542149448E+0001 2.71793686363158E+0002
36 7.05459545028123E+0004 4.89616686442721E+0003 6.41386148304977E+0003 4.19133208333182E+0003 2.06513555840690E+0004 1.78191859452481E+0003 9.86160199594409E+0001 1.93459612833974E+0002 1.28902999176262E+0002 5.28695334358678E+0002
37 7.35570754100436E+0004 5.15804895990923E+0003 8.30464938588530E+0003 4.12692113673146E+0003 2.18752067742167E+0004 5.47878460798841E+0002 3.13922577432377E+0001 6.62952629706294E+0001 3.11794335972125E+0001 1.62418899626381E+0002
38 7.45143719758270E+0004 5.29058046608400E+0003 8.17428183349175E+0003 3.95300321637218E+0003 2.20637369980260E+0004 2.61072637253555E+0003 1.64398405469674E+0002 2.87522289530421E+0002 1.41570815003019E+0002 7.69012291809282E+0002
39 7.51272246568035E+0004 5.40200596108644E+0003 7.99147106333557E+0003 3.89711300066382E+0003 2.21802755236535E+0004 2.85792705180863E+0003 1.80144714227086E+0002 3.16919777101965E+0002 1.41493146396344E+0002 8.39156325488163E+0002
40 7.76161718281303E+0004 5.63623331099225E+0003 8.04103312489554E+0003 3.95483940162106E+0003 2.28595866397534E+0004 1.02329413749161E+0003 6.37481033069244E+0001 1.03221311727309E+0002 6.01016255489915E+0001 3.00087642737960E+0002
41 7.99172283849325E+0004 5.85654957526135E+0003 8.07550270297114E+0003 4.01819564992430E+0003 2.34881943151415E+0004 1.19092214593902E+0003 7.83592444158485E+0001 1.19756187649040E+0002 6.88827791944039E+0001 3.49900885727596E+0002
42 8.22527863637367E+0004 6.08745008854972E+0003 8.11662469506128E+0003 4.05688781878766E+0003 2.41232997518725E+0004 1.19649011896974E+0003 7.34527827445138E+0001 1.22415554704794E+0002 5.69699811582917E+0001 3.47838825018560E+0002
43 8.45159181707193E+0004 6.30318527081005E+0003 8.16445732819451E+0003 4.10647444776275E+0003 2.47416084521967E+0004 1.32641695824788E+0003 9.61221452383108E+0001 1.31451066611199E+0002 6.53389524860324E+0001 3.88638989420021E+0002
44 8.72043671224404E+0004 6.55423611675830E+0003 8.29990723708202E+0003 4.17538141497836E+0003 2.54961340539022E+0004 8.93037379853268E+0002 6.24603931205013E+0001 9.12099778422042E+0001 4.50670366267696E+0001 2.62025948986259E+0002
45 8.70738965486598E+0004 6.58481490747480E+0003 8.19166572784524E+0003 4.09464980214340E+0003 2.54268064766696E+0004 3.71934630720713E+0003 2.85759335522532E+0002 3.36922799435310E+0002 1.76472254103716E+0002 1.08444016710449E+0003
46 8.90295063961912E+0004 6.78202673614200E+0003 8.28230866088450E+0003 4.13594614130746E+0003 2.59751491042860E+0004 1.65454835097959E+0003 1.22248475256253E+0002 1.58498755461173E+0002 7.97184829137561E+0001 4.83603375506585E+0002
47 9.20802554858215E+0004 7.06428473333292E+0003 8.46059767128554E+0003 4.23483288156868E+0003 2.68415929852820E+0004 5.63402927310985E+0002 3.96136226068849E+0001 5.57857481001240E+0001 2.81151194612835E+0001 1.64860180195027E+0002
48 9.45158532303048E+0004 7.30922841140101E+0003 8.57964849804781E+0003 4.27075193650141E+0003 2.75221156983012E+0004 1.17967587618439E+0003 7.92606301074593E+0001 1.16233012947503E+0002 5.79806752859958E+0001 3.43956046686082E+0002
49 9.77716466749273E+0004 7.61209783051861E+0003 8.77282435945658E+0003 4.33251774405513E+0003 2.84373807861498E+0004 3.38553616776081E+0002 2.19237038371672E+0001 3.22985270269883E+0001 1.57165107577934E+0001 9.80381660155273E+0001
50 9.97947037176844E+0004 7.82784073725891E+0003 8.83742119163507E+0003 4.34424836066996E+0003 2.89930113617396E+0004 1.55321864444544E+0003 1.09420329876952E+0002 1.48146471284270E+0002 7.97122847667988E+0001 4.53719455289630E+0002
