28 2.58571873733334E+0004 1.64439165847525E+0003 2.51997239128670E+0003 1.94441457250370E+0003 7.67183183894376E+0003 0.00000000000000E+0000 0.00000000000000E+0000 0.00000000000000E+0000 0.00000000000000E+0000 0.00000000000000E+0000
29 2.75898966270704E+0004 1.78798010478384E+0003 2.64856110851240E+0003 2.04072613207521E+0003 8.17611935338602E+0003 6.40055392236203E+0002 3.56816351681756E+0001 6.92433752834483E+0001 5.39551349506737E+0001 1.91744529033240E+0002
30 3.07755788519942E+0004 2.03199032022130E+0003 2.91031099572941E+0003 2.23921589206524E+0003 9.10970305440246E+0003 8.53331874068408E+0001 3.99708448766173E+0000 1.05507759024069E+0001 8.32318531176815E+0000 2.59690159460826E+0001
31 3.37717545770854E+0004 2.26898723138632E+0003 3.14939327979367E+0003 2.41997879159447E+0003 9.98642733116634E+0003 2.78783619392095E+0002 1.58448977654558E+0001 2.96092655177658E+0001 2.30282565989223E+0001 8.33438494258171E+0001
32 3.70078948561135E+0004 2.52431387545258E+0003 3.40977300054784E+0003 2.69559493210924E+0003 1.09530183994135E+0004 3.78164860327865E+0001 1.82278395675704E+0000 4.55693141744382E+0000 2.80094517521334E+0000 1.12793151797281E+0001
33 3.98086633067965E+0004 2.75199895130263E+0003 3.62898167265709E+0003 2.76607139203564E+0003 1.17493716774700E+0004 4.80691074405797E+0002 3.39607841731667E+0001 4.31676268115048E+0001 3.23773305579703E+0001 1.41647235827625E+0002
34 4.25582701716240E+0004 2.98531811702839E+0003 3.83400559051469E+0003 2.82326137716084E+0003 1.25282052615187E+0004 5.06716574428079E+0002 2.96525102840378E+0001 5.27177370197827E+0001 3.91253092194735E+0001 1.50770911428330E+0002
35 4.43891435000910E+0004 3.15807542026192E+0003 3.95356085921935E+0003 2.82203586709805E+0003 1.30374757552008E+0004 1.41337896250950E+0003 9.27794634622363E+0001 1.34470230678504E+0002 9.73776250014914E+0001 4.17121507596414E+0002
36 4.70957566785960E+0004 3.39166780528207E+0003 4.15371781248417E+0003 2.88548648197283E+0003 1.38063909068003E+0004 4.66143014485632E+0002 2.92785871143663E+0001 4.58624640588760E+0001 3.14500137394048E+0001 1.37456179055587E+0002
37 5.02633157931332E+0004 3.65717269597279E+0003 5.69537258182237E+0003 2.97707349625236E+0003 1.50223042961233E+0004 0.00000000000000E+0000 0.00000000000000E+0000 0.00000000000000E+0000 0.00000000000000E+0000 0.00000000000000E+0000
38 5.29546184172640E+0004 3.89433619738899E+0003 5.83756435535055E+0003 3.03082609454699E+0003 1.57721628154921E+0004 4.82574213910667E+0002 3.16796539737232E+0001 5.86502548026495E+0001 3.06762740271793E+0001 1.44859295211412E+0002
39 5.55791493752518E+0004 4.13019127634844E+0003 5.96835782990438E+0003 3.07802219100441E+0003 1.65013729614022E+0004 5.40448113719481E+0002 3.50009668874610E+0001 6.54042637716784E+0001 3.38615744129344E+0001 1.61931580509973E+0002
40 5.81533850947746E+0004 4.36608419183141E+0003 6.08968898409186E+0003 3.11939641595408E+0003 1.72148531247964E+0004 5.58456669010367E+0002 3.48253102716843E+0001 6.85981842757237E+0001 3.53749978158639E+0001 1.67341238729674E+0002
41 5.81962220364278E+0004 4.41419743264024E+0003 5.94578434771758E+0003 3.01949952011044E+0003 1.71781688008551E+0004 3.05096978108370E+0003 2.21790840585005E+0002 3.26322408350358E+0002 1.67583321479520E+0002 9.03999924359659E+0002
42 6.11384248629399E+0004 4.67300695439027E+0003 6.11506619389785E+0003 3.08448308396293E+0003 1.80026354628458E+0004 0.00000000000000E+0000 0.00000000000000E+0000 0.00000000000000E+0000 0.00000000000000E+0000 0.00000000000000E+0000
43 6.24416508867281E+0004 4.81642285265062E+0003 6.10395839798492E+0003 3.05989020784162E+0003 1.83412613628493E+0004 1.64820568750051E+0003 1.18271525507680E+0002 1.76899486747059E+0002 9.14791094047070E+0001 4.88365394198389E+0002
44 6.50954758097399E+0004 5.05957428858731E+0003 6.23659193664377E+0003 3.11462399138089E+0003 1.90815038463245E+0004 2.39431231600524E+0002 1.55502349595408E+0001 2.69085925427652E+0001 1.38222799343950E+0001 7.09709613689340E+0001
45 6.71188415815141E+0004 5.25665041685745E+0003 6.30445338152295E+0003 3.13749156331721E+0003 1.96361848663708E+0004 8.78707877262467E+0002 6.44456227660401E+0001 9.03533616438151E+0001 4.63019801358692E+0001 2.59154122033967E+0002
46 6.88249281850998E+0004 5.43654893323152E+0003 6.33298855763511E+0003 3.14054422161742E+0003 2.00964023754201E+0004 1.17878493538529E+0003 8.20318357531052E+0001 1.26520485916150E+0002 6.48785620767564E+0001 3.48531796591513E+0002
47 7.13111310229574E+0004 5.67039641560649E+0003 6.44202104514465E+0003 3.16619619562378E+0003 2.07815387230398E+0004 2.53565639671961E+0002 1.66215424195623E+0001 2.82719901861338E+0001 1.44725277074597E+0001 7.51036079964279E+0001
48 7.26718762610166E+0004 5.81224880773873E+0003 6.45570854504466E+0003 3.14135760023773E+0003 2.11394858913691E+0004 1.37680653538591E+0003 1.10032924340951E+0002 1.23294144529096E+0002 5.77883780694668E+0001 4.00301275758102E+0002
49 7.48720790076488E+0004 6.02997762546494E+0003 6.53651434708434E+0003 3.17389452051835E+0003 2.17469917201719E+0004 5.30192512954978E+0002 3.50131402410084E+0001 5.85800990306846E+0001 2.98862755176048E+0001 1.56881286658626E+0002
50 7.60144451830424E+0004 6.16726457349716E+0003 6.51888226344347E+0003 3.16018861536994E+0003 2.20465873524847E+0004 1.58604344316712E+0003 1.17073824454455E+0002 1.55592394883142E+0002 7.82094406662863E+0001 4.64860584761038E+0002
