64 7.86599233328423E+0004 6.84544930286550E+0003 5.98128768414806E+0003 4.50893694337328E+0003 2.30389433431751E+0004 0.00000000000000E+0000 0.00000000000000E+0000 0.00000000000000E+0000 0.00000000000000E+0000 0.00000000000000E+0000
65 7.93821125398830E+0004 6.95128330520086E+0003 6.00580160128385E+0003 4.52524336019585E+0003 2.32474657935753E+0004 1.72480695436056E+0003 1.38773482421275E+0002 1.39303016823942E+0002 1.05598898809484E+0002 5.06035764579663E+0002
66 8.09596508793242E+0004 7.13461330865479E+0003 6.09283360621000E+0003 4.58848525118730E+0003 2.37061399308903E+0004 9.29795841083900E+0002 6.87893152747683E+0001 8.00242818052065E+0001 6.10176341211899E+0001 2.73510497348416E+0002
67 8.08428466480682E+0004 7.17011540336954E+0003 6.05204788734829E+0003 4.55547163921279E+0003 2.36689155787197E+0004 2.58436041770512E+0003 2.14321026226949E+0002 2.04259371777187E+0002 1.54541918421570E+0002 7.57795856191400E+0002
68 8.26058812395353E+0004 7.36679075479224E+0003 6.15616620827124E+0003 2.89513886865750E+0003 2.37657544971015E+0004 6.60304854107773E+0002 5.03175155827940E+0001 5.55466042670284E+0001 2.98312053050286E+0001 1.91040043023029E+0002
69 8.30844133986661E+0004 7.45788916255383E+0003 6.15842789954650E+0003 2.86531464400402E+0003 2.38958508251449E+0004 1.94015683281242E+0003 1.56841811233234E+0002 1.56345038244082E+0002 8.10543045612192E+0001 5.60255516844229E+0002
70 8.28262388602009E+0004 7.46390332126746E+0003 6.11908163784875E+0003 2.81933881843210E+0003 2.38148550330598E+0004 2.61905207383030E+0003 2.37652158156806E+0002 1.93281292189103E+0002 8.88587743445188E+0001 7.53322631644973E+0002
71 8.45350665569361E+0004 7.65573022147117E+0003 6.22022627453343E+0003 2.83890465851912E+0003 2.42999826507503E+0004 6.16175569295716E+0002 4.91661441824575E+0001 4.99093744463952E+0001 2.58742262500709E+0001 1.77870075401913E+0002
72 8.46741713568150E+0004 7.71297718998208E+0003 6.20154200139933E+0003 2.80251954298237E+0003 2.43338904218829E+0004 2.18120462610232E+0003 1.84527754629749E+0002 1.68792435520651E+0002 8.36916774037507E+0001 6.28371958477554E+0002
73 8.53471711521109E+0004 7.79663568824352E+0003 5.98193612801750E+0003 2.79685479772154E+0003 2.44614234638624E+0004 1.59332800902623E+0003 1.53804974386877E+0002 1.03080811220458E+0002 4.67908869424983E+0001 4.55281123578255E+0002
74 8.60821694350976E+0004 7.90812215156200E+0003 5.96719160244090E+0003 2.78207064899989E+0003 2.46574929211441E+0004 1.52082874624891E+0003 1.25684194133179E+0002 1.21131205950416E+0002 5.81602929717756E+0001 4.38193065433027E+0002
75 8.73548967409534E+0004 8.06155290403438E+0003 5.99932569202927E+0003 2.79203455654159E+0003 2.50098743744541E+0004 9.57448156286599E+0002 8.24090910659315E+0001 7.06539503036222E+0001 3.26636075824194E+0001 2.74361953257257E+0002
76 8.64505238268487E+0004 8.02595275087779E+0003 5.86799380694745E+0003 2.72160234445444E+0003 2.47358574549908E+0004 3.12737244187444E+0003 2.71723090376687E+0002 2.33759643444904E+0002 1.10918051812182E+0002 8.98505574601970E+0002
77 8.84343096226605E+0004 8.24367059190967E+0003 5.95121154173185E+0003 2.75216372911374E+0003 2.52915253164998E+0004 1.67003050071564E+0002 1.20517069169750E+0001 1.55230499122071E+0001 7.64588440161454E+0000 4.85336859125665E+0001
78 9.00457316463029E+0004 8.42736678001587E+0003 6.00649956823024E+0003 2.76773466063184E+0003 2.57393598372433E+0004 5.36315603558816E+0002 4.67319488637650E+0001 3.94142077125266E+0001 1.86010582490862E+0001 1.53855076412206E+0002
79 9.00755657454692E+0004 8.47903323179125E+0003 5.93670465050747E+0003 2.72469978882473E+0003 2.57318408199822E+0004 2.11918548505439E+0003 1.79870881508125E+0002 1.63917313438590E+0002 7.67076733261126E+0001 6.09523524798533E+0002
80 9.02580672148150E+0004 8.53165466188791E+0003 5.89385640340326E+0003 2.69747022292582E+0003 2.57714516407277E+0004 1.92011303288397E+0003 1.75219375142100E+0002 1.33791835272492E+0002 6.25477956023496E+0001 5.50001289336220E+0002
81 9.23356461378970E+0004 8.75777836117940E+0003 5.98320359243300E+0003 2.73419675941939E+0003 2.63545979642230E+0004 0.00000000000000E+0000 0.00000000000000E+0000 0.00000000000000E+0000 0.00000000000000E+0000 0.00000000000000E+0000
82 9.40963539226937E+0004 8.95956063644876E+0003 6.04476970426914E+0003 2.75803280068125E+0003 2.68460920953822E+0004 3.29033016554004E+0002 2.64941412629105E+0001 2.71823232237149E+0001 1.31269558924769E+0001 9.50007448639455E+0001
83 9.56500840428175E+0004 9.14205542388090E+0003 6.09248708679112E+0003 2.77215023437963E+0003 2.72776264290886E+0004 5.36370121345799E+0002 4.67374668729723E+0001 3.98715775581999E+0001 1.88536041338023E+0001 1.54039864778586E+0002
84 9.57169436158221E+0004 9.17552711139387E+0003 6.05496685628394E+0003 2.74938003210458E+0003 2.72872362277450E+0004 2.02416234597943E+0003 1.96794715879458E+0002 1.24832970484274E+0002 5.64288888356177E+0001 5.76532541082908E+0002
85 9.73704929448497E+0004 9.36932848029424E+0003 6.11119922490628E+0003 2.77078161336257E+0003 2.77492325432190E+0004 4.17433990418652E+0002 3.49298452990298E+0001 3.16651856163650E+0001 1.48849468316077E+0001 1.19739352359757E+0002
86 9.80941739441593E+0004 9.47703466651624E+0003 6.10593894702802E+0003 2.76295488054160E+0003 2.79456245851788E+0004 1.34697552090930E+0003 1.21852509577366E+0002 9.20491864146235E+0001 4.24662652698466E+0001 3.84802435721074E+0002
87 9.96936457773439E+0004 9.66720248512609E+0003 6.15911791527387E+0003 2.78092016012454E+0003 2.83922127210884E+0004 4.59597926385235E+0002 3.90606228437777E+0001 3.37415052083079E+0001 1.57179075941753E+0001 1.31548310887559E+0002
88 1.01266388558605E+0005 9.85549192942938E+0003 6.20840359057474E+0003 2.79686877850510E+0003 2.88305166857075E+0004 4.80295696064170E+0002 4.11112637006286E+0001 3.47301263306645E+0001 1.61155134966113E+0001 1.37340623902098E+0002
89 9.89605490990711E+0004 9.65973391805172E+0003 6.02569890009925E+0003 2.70748424960940E+0003 2.81648318800396E+0004 4.35839171348483E+0003 4.25999372134073E+0002 2.66058199083706E+0002 1.18623878145198E+0002 1.24057755908348E+0003
90 9.91111543391839E+0004 9.71975584404517E+0003 5.98000082103928E+0003 2.68128187300564E+0003 2.81981262905458E+0004 1.84171307172751E+0003 1.64288362620846E+0002 1.28272344949908E+0002 5.94503859665653E+0001 5.26493799663561E+0002
