53 3.90431808477361E+0004 2.94745696718176E+0003 3.31626612161954E+0003 2.52581235248924E+0003 1.14798519093663E+0004 0.00000000000000E+0000 0.00000000000000E+0000 0.00000000000000E+0000 0.00000000000000E+0000 0.00000000000000E+0000
54 3.93977550232340E+0004 3.00783551555404E+0003 3.31602627231222E+0003 2.52344573832219E+0003 1.15788150118613E+0004 1.52532773428394E+0003 1.04890011064582E+0002 1.39248678464197E+0002 1.06769704521371E+0002 4.50296670800183E+0002
55 4.05576716548880E+0004 3.12725801606198E+0003 3.38657975474058E+0003 2.57519867249377E+0003 1.19152099435642E+0004 8.94016890512716E+0002 6.26659124273277E+0001 8.03144024408293E+0001 6.14859210871463E+0001 2.63635950352324E+0002
56 4.16110063436966E+0004 3.24005089592864E+0003 3.44738435038687E+0003 2.61949664396679E+0003 1.22203051761549E+0004 9.64940446099911E+0002 6.78787560161311E+0001 8.63002110818709E+0001 6.60358570398091E+0001 2.84437264857054E+0002
57 4.36049780291641E+0004 3.42036975999926E+0003 3.59154165886183E+0003 2.08923660692670E+0003 1.26494702531884E+0004 0.00000000000000E+0000 0.00000000000000E+0000 0.00000000000000E+0000 0.00000000000000E+0000 0.00000000000000E+0000
58 4.48031160751903E+0004 3.54663073987262E+0003 3.66284450056784E+0003 2.09715803097887E+0003 1.29863398431863E+0004 8.10260719114367E+0002 5.67171258907544E+0001 7.30430636303520E+0001 4.35306733582319E+0001 2.36052379678490E+0002
59 4.64346589417429E+0004 3.70497495276285E+0003 3.77191496214585E+0003 2.11831872584554E+0003 1.34471682197992E+0004 3.32960721693959E+0002 2.20593272936206E+0001 3.12201374507637E+0001 2.01597436815216E+0001 9.75359832287675E+0001
60 4.56953609190896E+0004 3.68522234520811E+0003 3.68015270616621E+0003 2.02266676105864E+0003 1.32200166555654E+0004 2.68282296697170E+0003 1.99587811853071E+0002 2.29695269297232E+0002 1.31506980020718E+0002 7.78467126754253E+0002
61 4.61683328648693E+0004 3.75442166838316E+0003 3.69343836047937E+0003 1.99369622381491E+0003 1.33463733882112E+0004 1.35875850345421E+0003 1.01822246988510E+0002 1.15782395993657E+0002 6.38587811066069E+0001 3.93653262610317E+0002
62 4.71419230902269E+0004 3.86727786276867E+0003 4.07118480738658E+0003 1.98837686004943E+0003 1.36965030289036E+0004 8.37028941237096E+0002 5.75984451720233E+0001 8.99071527818670E+0001 4.63841652392296E+0001 2.47420489063251E+0002
63 4.84163975906827E+0004 4.00072951042670E+0003 4.11294255685591E+0003 2.00607498888930E+0003 1.40486747152450E+0004 5.13006979320904E+0002 3.64464314108923E+0001 5.11558848715109E+0001 2.58807268972496E+0001 1.50357605400133E+0002
64 4.84636262976822E+0004 4.03474293161451E+0003 4.04348846832191E+0003 1.96209414981286E+0003 1.40409484433835E+0004 1.71606025275393E+0003 1.34869533602086E+0002 1.56613035307053E+0002 7.84634641421545E+0001 5.00641508593253E+0002
65 4.91985144811788E+0004 4.12276645858989E+0003 4.03857894978335E+0003 1.94708823766159E+0003 1.42336675505312E+0004 9.51517326567685E+0002 7.46960938610484E+0001 8.45117738724328E+0001 4.18501508207142E+0001 2.76618082829250E+0002
66 4.94574442844111E+0004 4.17928051852171E+0003 3.98507729362471E+0003 1.91140646626393E+0003 1.42879700550771E+0004 1.41429593498062E+0003 1.06009147091487E+0002 1.34388802253823E+0002 6.75165996207387E+0001 4.13330516147201E+0002
67 5.10752352063007E+0004 4.33776518403581E+0003 4.06238426917122E+0003 1.94437655110282E+0003 1.47407426905465E+0004 0.00000000000000E+0000 0.00000000000000E+0000 0.00000000000000E+0000 0.00000000000000E+0000 0.00000000000000E+0000
68 5.27050037415074E+0004 4.49824546736793E+0003 4.14145042066852E+0003 1.97445380583283E+0003 1.51965968244904E+0004 0.00000000000000E+0000 0.00000000000000E+0000 0.00000000000000E+0000 0.00000000000000E+0000 0.00000000000000E+0000
69 5.43466969972840E+0004 4.66071223418794E+0003 4.21855345438440E+0003 2.00688710114238E+0003 1.56558839488797E+0004 0.00000000000000E+0000 0.00000000000000E+0000 0.00000000000000E+0000 0.00000000000000E+0000 0.00000000000000E+0000
70 5.60002665421401E+0004 4.82515712864547E+0003 4.29520663953200E+0003 2.03916095083977E+0003 1.61183499026778E+0004 0.00000000000000E+0000 0.00000000000000E+0000 0.00000000000000E+0000 0.00000000000000E+0000 0.00000000000000E+0000
71 5.76656680315758E+0004 4.99157251471597E+0003 4.37350209118170E+0003 2.07128469951119E+0003 1.65844865608763E+0004 0.00000000000000E+0000 0.00000000000000E+0000 0.00000000000000E+0000 0.00000000000000E+0000 0.00000000000000E+0000
72 5.81858312250625E+0004 5.06620647644503E+0003 4.35700009071815E+0003 2.05631442320583E+0003 1.67196845317036E+0004 1.15702964773080E+0003 9.37449467732094E+0001 9.70219498801554E+0001 4.69526696764447E+0001 3.34739811374544E+0002
73 5.86936989022738E+0004 5.14059147851630E+0003 4.33884348067069E+0003 2.04324095319748E+0003 1.68519299555180E+0004 1.15319448348548E+0003 9.33841039245219E+0001 9.69824498611877E+0001 4.70069193912017E+0001 3.33736309598972E+0002
74 6.03370769568216E+0004 5.30759546756918E+0003 4.41821224380640E+0003 2.07887888620148E+0003 1.73140232530557E+0004 0.00000000000000E+0000 0.00000000000000E+0000 0.00000000000000E+0000 0.00000000000000E+0000 0.00000000000000E+0000
75 5.84334731997494E+0004 5.16681934428697E+0003 4.23422269139513E+0003 1.98777876020427E+0003 1.67573505589526E+0004 3.55843647187696E+0003 3.09686219419928E+0002 2.63321265946876E+0002 1.24092245403759E+0002 1.02132868863540E+0003
76 6.00114973252129E+0004 5.32859283514762E+0003 4.31039257450297E+0003 2.01917420536569E+0003 1.72007176656550E+0004 0.00000000000000E+0000 0.00000000000000E+0000 0.00000000000000E+0000 0.00000000000000E+0000 0.00000000000000E+0000
77 6.16005708958088E+0004 5.49219356267881E+0003 4.38658172694304E+0003 2.05038055087789E+0003 1.76471344167141E+0004 0.00000000000000E+0000 0.00000000000000E+0000 0.00000000000000E+0000 0.00000000000000E+0000 0.00000000000000E+0000
78 6.32006687675861E+0004 5.65761796708249E+0003 4.46279673174773E+0003 2.07919884796818E+0003 1.80960677554523E+0004 0.00000000000000E+0000 0.00000000000000E+0000 0.00000000000000E+0000 0.00000000000000E+0000 0.00000000000000E+0000
79 6.48117679101619E+0004 5.82486286774774E+0003 4.53904364913149E+0003 2.10793460891363E+0003 1.85480661686291E+0004 0.00000000000000E+0000 0.00000000000000E+0000 0.00000000000000E+0000 0.00000000000000E+0000 0.00000000000000E+0000
80 6.64338472597423E+0004 5.99392543951369E+0003 4.61420740308271E+0003 2.13659269828327E+0003 1.90028574721493E+0004 0.00000000000000E+0000 0.00000000000000E+0000 0.00000000000000E+0000 0.00000000000000E+0000 0.00000000000000E+0000
81 6.65132597767440E+0004 6.03278543636050E+0003 4.57029112095815E+0003 2.10949231871604E+0003 1.90141988766669E+0004 1.55362780799067E+0003 1.32017754463913E+0002 1.18033443642366E+0002 5.56853997520453E+0001 4.46247457403757E+0002
82 6.61695132336114E+0004 6.02989100488400E+0003 4.50781690708507E+0003 2.07773817615969E+0003 1.89083902372177E+0004 1.95586031430713E+0003 1.72496064035624E+0002 1.36122289682813E+0002 6.25891771294381E+0001 5.58496282837201E+0002
83 6.77585267517327E+0004 6.19783031443740E+0003 4.58023841921264E+0003 2.11084923914466E+0003 1.93553867338866E+0004 0.00000000000000E+0000 0.00000000000000E+0000 0.00000000000000E+0000 0.00000000000000E+0000 0.00000000000000E+0000
84 6.93581524857767E+0004 6.36753248447239E+0003 4.65270284692217E+0003 2.14113041627140E+0003 1.98046843760263E+0004 0.00000000000000E+0000 0.00000000000000E+0000 0.00000000000000E+0000 0.00000000000000E+0000 0.00000000000000E+0000
85 6.93365118370699E+0004 6.39922509538898E+0003 4.60276863936322E+0003 2.11063897911104E+0003 1.97877946922239E+0004 1.63186363193246E+0003 1.39770886797959E+0002 1.22447311153814E+0002 5.77585863535242E+0001 4.68441699897063E+0002
86 7.09234055321431E+0004 6.56914081789899E+0003 4.67479378849827E+0003 2.14008633424493E+0003 2.02337823534685E+0004 0.00000000000000E+0000 0.00000000000000E+0000 0.00000000000000E+0000 0.00000000000000E+0000 0.00000000000000E+0000
87 7.25207005674168E+0004 6.74078869955595E+0003 4.74691192079271E+0003 2.16956012353572E+0003 2.06827107147123E+0004 0.00000000000000E+0000 0.00000000000000E+0000 0.00000000000000E+0000 0.00000000000000E+0000 0.00000000000000E+0000
88 7.41283852723490E+0004 6.91416788602298E+0003 4.81912766298604E+0003 2.19609190145758E+0003 2.11338654534757E+0004 0.00000000000000E+0000 0.00000000000000E+0000 0.00000000000000E+0000 0.00000000000000E+0000 0.00000000000000E+0000
89 7.57464490827713E+0004 7.08927772746456E+0003 4.89018766294377E+0003 2.22258136443549E+0003 2.15876390010276E+0004 0.00000000000000E+0000 0.00000000000000E+0000 0.00000000000000E+0000 0.00000000000000E+0000 0.00000000000000E+0000
90 7.73748824758551E+0004 7.26611776770625E+0003 4.96000949887892E+0003 2.24903126582906E+0003 2.20440098419846E+0004 0.00000000000000E+0000 0.00000000000000E+0000 0.00000000000000E+0000 0.00000000000000E+0000 0.00000000000000E+0000
