53 4.91903138827664E+0004 3.96376997733469E+0003 3.97783589693363E+0003 3.01611612263293E+0003 1.44355286111202E+0004 0.00000000000000E+0000 0.00000000000000E+0000 0.00000000000000E+0000 0.00000000000000E+0000 0.00000000000000E+0000
54 5.08380083616843E+0004 4.12512863709153E+0003 4.08739940077490E+0003 3.09746942798592E+0003 1.49155213986088E+0004 2.38152995770855E+0002 1.45190600258655E+0001 2.38441425792858E+0001 1.84391168836225E+0001 7.07892756623107E+0001
55 5.18704480033509E+0004 4.23865839566359E+0003 4.14726511282185E+0003 3.14119928000825E+0003 1.52154169900426E+0004 9.86867191786292E+0002 7.57003460732485E+0001 8.24347504804609E+0001 6.26758720589587E+0001 2.89842758495750E+0002
56 5.33842039249840E+0004 4.39426918074085E+0003 4.24288726373849E+0003 3.21179558849852E+0003 1.56559574299108E+0004 4.98047454658476E+0002 3.42077184358782E+0001 4.53906876461084E+0001 3.47937470987281E+0001 1.46985505881406E+0002
57 5.47220519554345E+0004 4.54129900713342E+0003 4.31901905660622E+0003 2.26091399398388E+0003 1.58023881631579E+0004 6.61340889807952E+0002 4.27657724689037E+0001 6.32787933697154E+0001 3.66235471348523E+0001 1.92962160667542E+0002
58 5.53009914545711E+0004 4.62616623063911E+0003 4.33607721444844E+0003 2.23465033324025E+0003 1.59594924558957E+0004 1.38194713116075E+0003 1.03092940529883E+0002 1.18586089528480E+0002 6.08906374590621E+0001 3.99484031682762E+0002
59 5.72214213839024E+0004 4.81149162722682E+0003 4.46818140858994E+0003 2.26626710086223E+0003 1.65041667649395E+0004 0.00000000000000E+0000 0.00000000000000E+0000 0.00000000000000E+0000 0.00000000000000E+0000 0.00000000000000E+0000
60 5.75313801391694E+0004 4.86411914108599E+0003 4.47332891400362E+0003 2.23843470857976E+0003 1.65857430966813E+0004 1.62352586210042E+0003 1.34968031587329E+0002 1.27280229610318E+0002 6.51749201380433E+0001 4.68227770424666E+0002
61 5.69221189454310E+0004 4.84573488069723E+0003 4.40185562441422E+0003 2.18012598824902E+0003 1.64039605053100E+0004 2.51640578947782E+0003 2.04389662848081E+0002 2.01574829265854E+0002 1.00923174697190E+0002 7.25590429509348E+0002
62 5.67084650269776E+0004 4.87713153225573E+0003 4.43894375596860E+0003 2.12572092014246E+0003 1.63560626964827E+0004 2.08078878015385E+0003 1.51857609002000E+0002 2.03655543854347E+0002 1.02523629151826E+0002 6.09318134918884E+0002
63 5.84699185267125E+0004 5.05182936913356E+0003 4.52145105879946E+0003 2.15952256878814E+0003 1.68486531656240E+0004 0.00000000000000E+0000 0.00000000000000E+0000 0.00000000000000E+0000 0.00000000000000E+0000 0.00000000000000E+0000
64 6.02436987677357E+0004 5.22860301035352E+0003 4.60436116325706E+0003 2.18577055947259E+0003 1.73429840401965E+0004 0.00000000000000E+0000 0.00000000000000E+0000 0.00000000000000E+0000 0.00000000000000E+0000 0.00000000000000E+0000
65 5.78066771276832E+0004 4.99772808801265E+0003 4.41857470202807E+0003 2.09473189479317E+0003 1.66362508350040E+0004 4.22308374047569E+0003 4.09715578406009E+0002 2.71696565961225E+0002 1.25447168937507E+0002 1.20718633290730E+0003
66 5.89556860915618E+0004 5.12975185302278E+0003 4.44862164499428E+0003 2.11115388167074E+0003 1.69548512330999E+0004 5.98817053289924E+0002 4.23718389571955E+0001 6.07073710954292E+0001 3.07383270139133E+0001 1.75832301685551E+0002
67 6.06687871564385E+0004 5.30199017402338E+0003 4.53430488515746E+0003 2.15157158537858E+0003 1.74375969122395E+0004 0.00000000000000E+0000 0.00000000000000E+0000 0.00000000000000E+0000 0.00000000000000E+0000 0.00000000000000E+0000
68 6.23938127991486E+0004 5.47621563839144E+0003 4.61839545288296E+0003 2.17852076953716E+0003 1.79200667183904E+0004 0.00000000000000E+0000 0.00000000000000E+0000 0.00000000000000E+0000 0.00000000000000E+0000 0.00000000000000E+0000
69 6.33679246329823E+0004 5.59629394062272E+0003 4.62834874948359E+0003 2.17586754994537E+0003 1.81844243695282E+0004 7.62805106416519E+0002 5.61282361229827E+0001 7.13058148220871E+0001 3.51246079501725E+0001 2.22087303674823E+0002
70 6.50831682654424E+0004 5.77139593596345E+0003 4.71106896126824E+0003 2.20601829111679E+0003 1.86651963489098E+0004 0.00000000000000E+0000 0.00000000000000E+0000 0.00000000000000E+0000 0.00000000000000E+0000 0.00000000000000E+0000
71 6.56743648518932E+0004 5.86800785631162E+0003 4.68353998880822E+0003 2.18131241587611E+0003 1.88177340270935E+0004 1.13573318077018E+0003 8.04309199388037E+0001 1.10225513251313E+0002 5.44995393855339E+0001 3.31413396803000E+0002
72 6.72930335955928E+0004 6.03542936798442E+0003 4.75179422599828E+0003 2.19038411532349E+0003 1.92649539131757E+0004 0.00000000000000E+0000 0.00000000000000E+0000 0.00000000000000E+0000 0.00000000000000E+0000 0.00000000000000E+0000
73 6.73142321930283E+0004 6.07112889337839E+0003 4.68718741179719E+0003 2.13688010826331E+0003 1.92502628655520E+0004 1.60853061055023E+0003 1.33521101275586E+0002 1.26652546024453E+0002 6.03892457210898E+0001 4.62982440857127E+0002
74 6.89038743603919E+0004 6.23705377477016E+0003 4.74855806911766E+0003 2.16377679425725E+0003 1.96927831196489E+0004 0.00000000000000E+0000 0.00000000000000E+0000 0.00000000000000E+0000 0.00000000000000E+0000 0.00000000000000E+0000
75 7.05043246882272E+0004 6.40472949174993E+0003 4.80950281517732E+0003 2.19037612744886E+0003 2.01381439494248E+0004 0.00000000000000E+0000 0.00000000000000E+0000 0.00000000000000E+0000 0.00000000000000E+0000 0.00000000000000E+0000
76 7.21155747101651E+0004 6.57415551009968E+0003 4.87000574266154E+0003 2.21813044930864E+0003 2.05866879389363E+0004 0.00000000000000E+0000 0.00000000000000E+0000 0.00000000000000E+0000 0.00000000000000E+0000 0.00000000000000E+0000
77 7.37376171445667E+0004 6.74533152239168E+0003 4.93099654599512E+0003 2.24584106805392E+0003 2.10383487074417E+0004 0.00000000000000E+0000 0.00000000000000E+0000 0.00000000000000E+0000 0.00000000000000E+0000 0.00000000000000E+0000
78 7.06574442323416E+0004 6.50176344478967E+0003 4.66887744730257E+0003 2.12616157670830E+0003 2.01490192082741E+0004 4.71300158567879E+0003 4.16493990267983E+0002 3.22658366219232E+0002 1.47349608412562E+0002 1.34388085213886E+0003
79 7.22091379962089E+0004 6.66676645273184E+0003 4.73672630804445E+0003 2.15532165503039E+0003 2.05843085788838E+0004 0.00000000000000E+0000 0.00000000000000E+0000 0.00000000000000E+0000 0.00000000000000E+0000 0.00000000000000E+0000
80 7.37712084064588E+0004 6.83345071525852E+0003 4.80458525916778E+0003 2.18430892166155E+0003 2.10224527926112E+0004 0.00000000000000E+0000 0.00000000000000E+0000 0.00000000000000E+0000 0.00000000000000E+0000 0.00000000000000E+0000
