42 4.34710620263735E+0004 3.31099601921322E+0003 3.66719436908635E+0003 2.79134610274664E+0003 1.27777436441807E+0004 0.00000000000000E+0000 0.00000000000000E+0000 0.00000000000000E+0000 0.00000000000000E+0000 0.00000000000000E+0000
43 4.39241580270128E+0004 3.37784509920047E+0003 3.67498797569075E+0003 2.79502686425189E+0003 1.29052843118774E+0004 9.91515354604024E+0002 6.15904419154340E+0001 9.80518182937400E+0001 7.57457876180487E+0001 2.94456816583500E+0002
44 4.42927251131848E+0004 3.42912903624659E+0003 3.68571517859649E+0003 2.80173553777746E+0003 1.30102331677932E+0004 1.14716417284991E+0003 8.43146218639622E+0001 9.97732822468005E+0001 7.61715085381248E+0001 3.37781660519712E+0002
45 4.57877296523564E+0004 3.56360771555622E+0003 3.79423658900040E+0003 2.88309855217006E+0003 1.34468814021799E+0004 0.00000000000000E+0000 0.00000000000000E+0000 0.00000000000000E+0000 0.00000000000000E+0000 0.00000000000000E+0000
46 4.53190877046990E+0004 3.54633730053208E+0003 3.73945054654265E+0003 1.88580519479275E+0003 1.30777633791759E+0004 1.97402841208424E+0003 1.53398856932878E+0002 1.63605629209280E+0002 8.20687744195429E+0001 5.69544401435027E+0002
47 4.59199641152351E+0004 3.62165250326682E+0003 3.76462649114089E+0003 1.88237791586185E+0003 1.32452690461211E+0004 8.76659808543618E+0002 5.90015599082272E+0001 8.11916953044763E+0001 4.17253246712212E+0001 2.54058813222611E+0002
48 4.54815769839097E+0004 3.60231667397270E+0003 3.71546159674739E+0003 1.84783106904745E+0003 1.31153247176825E+0004 1.90401978889722E+0003 1.53525180012919E+0002 1.54059364787612E+0002 7.35960232839261E+0001 5.48448085675603E+0002
49 4.64569084944613E+0004 3.70254341329803E+0003 3.77584056946740E+0003 1.85712308820416E+0003 1.33901797357034E+0004 4.40813862289586E+0002 2.96853833910812E+0001 4.08043917075074E+0001 2.14795915021682E+0001 1.27867974933682E+0002
50 4.78647653705432E+0004 3.83245838627023E+0003 3.87594794821502E+0003 1.88492983780801E+0003 1.37899443702807E+0004 0.00000000000000E+0000 0.00000000000000E+0000 0.00000000000000E+0000 0.00000000000000E+0000 0.00000000000000E+0000
51 4.92825893976447E+0004 3.96391429850030E+0003 4.02268151351728E+0003 1.91346666652244E+0003 1.42038364502843E+0004 0.00000000000000E+0000 0.00000000000000E+0000 0.00000000000000E+0000 0.00000000000000E+0000 0.00000000000000E+0000
52 4.88371977622715E+0004 3.95111989747902E+0003 3.93995835212234E+0003 1.86674940363473E+0003 1.40628060997218E+0004 1.87316254999346E+0003 1.45786901873130E+0002 1.58624026995772E+0002 7.61822064619883E+0001 5.40901364477846E+0002
53 5.02284201304453E+0004 4.08146422793937E+0003 4.01398949662910E+0003 1.89768071648523E+0003 1.44531730971597E+0004 0.00000000000000E+0000 0.00000000000000E+0000 0.00000000000000E+0000 0.00000000000000E+0000 0.00000000000000E+0000
54 5.01019090349562E+0004 4.09984187958100E+0003 3.95151065899675E+0003 1.86392459571889E+0003 1.44041246806206E+0004 1.52752140925395E+0003 1.13469875060553E+0002 1.34045142684698E+0002 6.44255162662933E+0001 4.41470866383718E+0002
55 5.00275709304669E+0004 4.12398747374432E+0003 3.89046756445127E+0003 1.83010485718078E+0003 1.43693113982023E+0004 1.44766368442922E+0003 1.06020671027533E+0002 1.30578057303669E+0002 6.32419728702377E+0001 4.19401052551358E+0002
56 5.00373481531487E+0004 4.14491141758316E+0003 3.85230381641093E+0003 1.81582646484619E+0003 1.43640935644773E+0004 1.34510959088225E+0003 1.08474701373586E+0002 1.08308724403905E+0002 4.71222285922126E+0001 3.86163658860469E+0002
57 5.13817490492492E+0004 4.27390749623089E+0003 3.92440388294606E+0003 1.84972613040209E+0003 1.47431487741187E+0004 0.00000000000000E+0000 0.00000000000000E+0000 0.00000000000000E+0000 0.00000000000000E+0000 0.00000000000000E+0000
58 5.27355856668250E+0004 4.40435692695734E+0003 3.99660238269878E+0003 1.87912583962581E+0003 1.51237609958656E+0004 0.00000000000000E+0000 0.00000000000000E+0000 0.00000000000000E+0000 0.00000000000000E+0000 0.00000000000000E+0000
59 5.30214761460348E+0004 4.45243527530139E+0003 3.97937232787214E+0003 1.86276683626615E+0003 1.51958521405138E+0004 1.07736772287618E+0003 8.38223749189193E+0001 8.95302369401645E+0001 4.27177635961698E+0001 3.10425143599543E+0002
60 5.43610756667033E+0004 4.58269399566746E+0003 4.04904852649907E+0003 1.88775568523130E+0003 1.55713377297842E+0004 0.00000000000000E+0000 0.00000000000000E+0000 0.00000000000000E+0000 0.00000000000000E+0000 0.00000000000000E+0000
