50 7.02631092239851E+0004 5.74366775679616E+0003 5.60845904079027E+0003 4.24695557394961E+0003 2.06069259829251E+0004 0.00000000000000E+0000 0.00000000000000E+0000 0.00000000000000E+0000 0.00000000000000E+0000 0.00000000000000E+0000
51 7.22156813482928E+0004 5.94104664416315E+0003 5.73453138899058E+0003 4.34028597965528E+0003 2.11755708866644E+0004 5.07375427113301E+0002 3.55396734895811E+0001 4.56040823956786E+0001 3.49145672059053E+0001 1.49624100049072E+0002
52 7.36762456314645E+0004 6.09731756720435E+0003 5.82297483564798E+0003 4.40527301689216E+0003 2.16004346522901E+0004 1.09822742647514E+0003 8.73108025035581E+0001 8.93593744048849E+0001 6.77799686144297E+0001 3.22242617279524E+0002
53 7.55821240389042E+0004 6.29500632296231E+0003 5.94289110652356E+0003 4.49379682935991E+0003 2.21553163914600E+0004 6.41302479169250E+0002 4.62610978166055E+0001 5.62312343289319E+0001 4.29478207885541E+0001 1.88818231704801E+0002
54 7.60552154033156E+0004 6.37350251519087E+0003 5.95028935561888E+0003 2.97820538269109E+0003 2.19257310376359E+0004 2.07282335024152E+0003 1.66810396979622E+0002 1.67801813471606E+0002 8.54644509790935E+0001 5.98296002801244E+0002
55 7.73240941034241E+0004 6.52320825406921E+0003 6.01703325116045E+0003 2.98126295530121E+0003 2.22829436553493E+0004 1.24886150482982E+0003 9.42872968888412E+0001 1.05710304263391E+0002 5.45514224503549E+0001 3.60818526823779E+0002
56 7.94518719243724E+0004 6.73973840930468E+0003 6.15524817745592E+0003 3.02555829709862E+0003 2.28893800339755E+0004 3.85150021154533E+0002 2.86126478744773E+0001 3.29953397509151E+0001 1.65269366621099E+0001 1.11188386906088E+0002
57 8.09904340047259E+0004 6.91010608566925E+0003 6.24530797732683E+0003 3.04067877497995E+0003 2.33247664422484E+0004 9.84259583917811E+0002 7.71183464034693E+0001 8.10555797180471E+0001 4.09326845584907E+0001 2.84007886703476E+0002
58 8.26559292462038E+0004 7.08656629100385E+0003 6.34929148887702E+0003 3.06142230070712E+0003 2.37967702384300E+0004 8.56085714593311E+0002 7.23591770245975E+0001 6.62425378867801E+0001 3.30775610314981E+0001 2.46663597728685E+0002
59 8.27760817009071E+0004 7.13489813916036E+0003 6.34616762182039E+0003 3.02420249529470E+0003 2.38275239897238E+0004 2.38831957741397E+0003 2.00262007468671E+0002 1.86425883909659E+0002 8.88448443877360E+0001 6.87324555163208E+0002
60 8.37953432957467E+0004 7.25982901676973E+0003 6.36081596078068E+0003 3.02401804895315E+0003 2.41056015173401E+0004 1.46398603253864E+0003 1.22421670992838E+0002 1.14207003808049E+0002 5.43601561685076E+0001 4.21193967241928E+0002
61 8.55137566237536E+0004 7.44491048607802E+0003 6.43076756256678E+0003 3.05403106947465E+0003 2.45864317780496E+0004 7.55144035123988E+0002 6.25464069709396E+0001 5.88419065981007E+0001 2.79509175646161E+0001 2.17075983901835E+0002
62 8.72190931098575E+0004 7.62995789768341E+0003 6.49754537815764E+0003 3.07799492741138E+0003 2.50619019151465E+0004 7.69699287671219E+0002 6.39489352482536E+0001 5.96779600347075E+0001 2.83072636663396E+0001 2.21192027188925E+0002
63 8.92199095923434E+0004 7.84375476770162E+0003 6.58213517792324E+0003 3.10868494796840E+0003 2.56210762766248E+0004 4.76620619533705E+0002 3.66482760620132E+0001 3.98848744694756E+0001 1.90547697586912E+0001 1.37330049557732E+0002
64 8.89948333067272E+0004 7.86383941484650E+0003 6.49646464363795E+0003 3.05600587655779E+0003 2.55386743780247E+0004 2.70165142321866E+0003 2.31441407358498E+0002 2.08370078373990E+0002 9.94838913976037E+0001 7.77827232083700E+0002
65 9.10183109119820E+0004 8.08154045780178E+0003 6.58095686309725E+0003 3.08878905966293E+0003 2.61047033502106E+0004 4.15996812027423E+0002 3.12913594333575E+0001 3.69839617451035E+0001 1.79958592163755E+0001 1.20544318181342E+0002
66 9.02717371540480E+0004 8.04954193106425E+0003 6.47002360022527E+0003 3.02894869577867E+0003 2.58768603314679E+0004 3.17691209330636E+0003 2.81116423241304E+0002 2.30296455534248E+0002 1.08285070045120E+0002 9.11186410110487E+0002
67 9.22340379365279E+0004 8.26318968361089E+0003 6.54886941592767E+0003 3.05759838242764E+0003 2.64248869004385E+0004 4.26622179612796E+0002 3.22216411528087E+0001 3.78510024885559E+0001 1.84665705100359E+0001 1.23638734503407E+0002
68 9.18047398829545E+0004 8.27488754460359E+0003 6.44549387994052E+0003 3.00227666756396E+0003 2.62865755140150E+0004 2.80897755574028E+0003 2.34356047027250E+0002 2.16081014345112E+0002 1.02392492779090E+0002 8.06833706374018E+0002
69 9.41308210578122E+0004 8.51679836705222E+0003 6.55461204490792E+0003 3.04234438262230E+0003 2.69386982045747E+0004 0.00000000000000E+0000 0.00000000000000E+0000 0.00000000000000E+0000 0.00000000000000E+0000 0.00000000000000E+0000
70 9.55982428957725E+0004 8.68698541032011E+0003 6.59605836503696E+0003 3.05116008352457E+0003 2.73437872211169E+0004 8.63164584435241E+0002 7.30546445011862E+0001 6.53201240331801E+0001 3.09238423765035E+0001 2.47791166883066E+0002
