32 5.14764812314628E+0004 3.44710137879255E+0003 4.81103459793382E+0003 3.69744378272126E+0003 1.52236946378184E+0004 0.00000000000000E+0000 0.00000000000000E+0000 0.00000000000000E+0000 0.00000000000000E+0000 0.00000000000000E+0000
33 5.26825731828052E+0004 3.57435936697780E+0003 4.87257401824692E+0003 3.74105813671887E+0003 1.55689355291396E+0004 1.40039090133972E+0003 8.13106382244925E+0001 1.45886662723648E+0002 1.13243601231737E+0002 4.17799632844704E+0002
34 5.44421140968555E+0004 3.74425996150396E+0003 4.98008692491049E+0003 3.81959911335974E+0003 1.60766544231911E+0004 1.94168827455554E+0003 1.24830331077202E+0002 1.88521119473780E+0002 1.45441901454713E+0002 5.76115590374697E+0002
35 5.79124504708174E+0004 4.02962948911579E+0003 5.24825154488400E+0003 4.02172221709712E+0003 1.70908928932594E+0004 2.16465762429679E+0002 1.15611597042400E+0001 2.40619291209066E+0001 1.87908508499929E+0001 6.50111285051563E+0001
36 6.09833279798580E+0004 4.28924550219917E+0003 5.47957942796157E+0003 3.66509947792324E+0003 1.78601405731061E+0004 6.25384187632664E+0002 4.12838265709984E+0001 5.91803976416505E+0001 4.29736304100725E+0001 1.84517290141293E+0002
37 6.24247713590534E+0004 4.44191558106388E+0003 5.55743416609969E+0003 3.62910425276616E+0003 1.82527740861559E+0004 2.24259035643647E+0003 1.50309740137569E+0002 2.09384015351112E+0002 1.34804205682093E+0002 6.56901196225737E+0002
38 6.48328563164118E+0004 4.66385872523773E+0003 5.72138891373481E+0003 3.67254359292010E+0003 1.89337554115930E+0004 1.27401698910636E+0003 8.41272086140123E+0001 1.20703766799983E+0002 7.58585845795160E+0001 3.73129571783970E+0002
39 6.81043817455303E+0004 4.94881737766386E+0003 5.96161203776516E+0003 3.78100369648352E+0003 1.98709955657863E+0004 4.17980919533526E+0002 2.48496860808250E+0001 4.27028841810474E+0001 2.62407670462103E+0001 1.22825821641986E+0002
40 7.18004930449939E+0004 5.26222796261630E+0003 6.24283106256677E+0003 3.88814956900262E+0003 2.09264883934031E+0004 0.00000000000000E+0000 0.00000000000000E+0000 0.00000000000000E+0000 0.00000000000000E+0000 0.00000000000000E+0000
41 7.43793198546963E+0004 5.50485510971287E+0003 7.64819015338074E+0003 3.90891139114792E+0003 2.19459063621450E+0004 1.10684922914191E+0003 7.26317752786497E+0001 1.28069142299058E+0002 6.60138096940282E+0001 3.29655349539276E+0002
42 7.73154740243692E+0004 5.77389872419578E+0003 7.79521373806416E+0003 3.95651747157857E+0003 2.27618649499698E+0004 7.47097758661301E+0002 4.91357016466008E+0001 8.31865508632117E+0001 4.21196283947279E+0001 2.21169513495802E+0002
43 8.00242658246488E+0004 6.02533854882535E+0003 7.92442324163578E+0003 3.99995615020056E+0003 2.35137561036746E+0004 9.39875460532305E+0002 6.64755205647352E+0001 9.38880595107819E+0001 5.42952063645777E+0001 2.77088219273377E+0002
44 8.27597944296983E+0004 6.27689464461644E+0003 8.05950431172607E+0003 4.05030896249129E+0003 2.42751605636477E+0004 9.16414804037584E+0002 6.90455718535232E+0001 8.94262210376807E+0001 4.49325331615463E+0001 2.68756591221680E+0002
45 8.63991190642816E+0004 6.59869063825397E+0003 8.27173462997048E+0003 4.14180455406366E+0003 2.52987237327767E+0004 0.00000000000000E+0000 0.00000000000000E+0000 0.00000000000000E+0000 0.00000000000000E+0000 0.00000000000000E+0000
46 8.92366734516954E+0004 6.86855607048607E+0003 8.39417001937613E+0003 4.17459210429154E+0003 2.60817579950038E+0004 7.97996163854938E+0002 5.38765276490940E+0001 7.92719805894660E+0001 4.64151647534131E+0001 2.34614360843259E+0002
47 9.13066789456308E+0004 7.06606545295148E+0003 8.45805790140826E+0003 4.17962062323117E+0003 2.66425015015733E+0004 1.54309798824350E+0003 1.26474170872121E+0002 1.33321810638214E+0002 6.54833424229912E+0001 4.48410554922438E+0002
48 9.29362475812733E+0004 7.24670939030420E+0003 8.46363846964823E+0003 4.17527023863467E+0003 2.70772477631665E+0004 1.96370882983491E+0003 1.43262858943319E+0002 1.91932186254274E+0002 9.51237252875224E+0001 5.74566624076809E+0002
49 9.60673061563391E+0004 7.54509832145359E+0003 8.62255878767566E+0003 4.23645477515552E+0003 2.79531403297497E+0004 4.65455549423323E+0002 2.81277279519666E+0001 4.68009561507234E+0001 3.63202551195505E+0001 1.38409077274935E+0002
50 9.92921249219103E+0004 7.84880010916480E+0003 8.78205948513650E+0003 4.29947562569919E+0003 2.88533904340585E+0004 3.47840629536929E+0002 2.24102977450596E+0001 3.58171042286909E+0001 1.76457621420946E+0001 1.01691310476665E+0002
51 9.90324112014167E+0004 7.86211433243784E+0003 8.64500992358694E+0003 4.20919104863426E+0003 2.87396943614581E+0004 3.78001379589174E+0003 3.09709542064783E+0002 3.19609184424030E+0002 1.53115546447769E+0002 1.09498753651880E+0003
52 1.00614358660498E+0005 8.03843650701382E+0003 8.65804277654202E+0003 4.20569926455083E+0003 2.91639689300652E+0004 1.92484271637514E+0003 1.46898652989068E+0002 1.75473283585602E+0002 8.65614696798712E+0001 5.60106269431124E+0002
53 1.03753137234019E+0005 8.33962426117478E+0003 8.81297527199309E+0003 4.27084831098751E+0003 3.00423804187621E+0004 3.61914130062408E+0002 2.34669161004307E+0001 3.73398088720543E+0001 1.87214468725422E+0001 1.05946152457784E+0002
54 1.05773231899286E+0005 8.54544074046824E+0003 8.87886799287706E+0003 4.28650495627024E+0003 3.05961709413365E+0004 1.44381991368770E+0003 1.17072530714438E+0002 1.19140370888191E+0002 5.76335079832500E+0001 4.17039917585658E+0002
55 1.08368504972455E+0005 8.80503306637356E+0003 8.98267689436139E+0003 4.31350341403327E+0003 3.13127324033338E+0004 8.61908973086863E+0002 6.42987141529717E+0001 7.80317199769161E+0001 3.81574123702840E+0001 2.50175236700889E+0002
56 1.10924532938603E+0005 9.06310454096031E+0003 9.07199714982021E+0003 4.35343224226688E+0003 3.20191360491962E+0004 9.06496474527246E+0002 6.81783136994217E+0001 8.07086079500395E+0001 3.92419177219440E+0001 2.62710075335676E+0002
57 1.12451807823804E+0005 9.22651311602582E+0003 9.11118371369419E+0003 4.35946546627098E+0003 3.24357528287509E+0004 1.92402452455977E+0003 1.63418254115549E+0002 1.42857554427137E+0002 6.67835275070295E+0001 5.51300126546276E+0002
58 1.15900548858462E+0005 9.55447311983677E+0003 9.29963802619697E+0003 4.43457190983744E+0003 3.34054156594401E+0004 0.00000000000000E+0000 0.00000000000000E+0000 0.00000000000000E+0000 0.00000000000000E+0000 0.00000000000000E+0000
59 1.14830578664063E+0005 9.51476866592618E+0003 9.12251484254430E+0003 4.33694398360990E+0003 3.30731534774745E+0004 4.52424923186592E+0003 3.69800592607932E+0002 3.54026026417618E+0002 1.68611211874404E+0002 1.30000489506381E+0003
60 1.18278161923817E+0005 9.84557659886382E+0003 9.30261359026094E+0003 4.42685315523302E+0003 3.40447692643620E+0004 0.00000000000000E+0000 0.00000000000000E+0000 0.00000000000000E+0000 0.00000000000000E+0000 0.00000000000000E+0000
