50 7.02631092239851E+0004 5.74366775679616E+0003 5.60845904079027E+0003 4.24695557394961E+0003 2.06069259829251E+0004 0.00000000000000E+0000 0.00000000000000E+0000 0.00000000000000E+0000 0.00000000000000E+0000 0.00000000000000E+0000
51 7.08841055019854E+0004 5.83196478083642E+0003 5.62856844711420E+0003 4.26007591828054E+0003 2.07851315155720E+0004 1.45176640046120E+0003 1.07875212418708E+0002 1.24596340478390E+0002 9.49806495101236E+0001 4.27012464688421E+0002
52 7.23894379260447E+0004 5.98986907177517E+0003 5.72161506079069E+0003 4.32860364950656E+0003 2.12230861699481E+0004 6.41830411677742E+0002 4.63106772143401E+0001 5.62677767816616E+0001 4.29750774920684E+0001 1.88972146359795E+0002
53 7.40964560582324E+0004 6.16180299089470E+0003 5.83319571356279E+0003 4.41135760168645E+0003 2.17206749674503E+0004 4.39984345588467E+0002 3.33968534438233E+0001 3.70589975056818E+0001 2.81981970141639E+0001 1.29273214452513E+0002
54 7.39660670708306E+0004 6.19120105494208E+0003 5.79227160073822E+0003 2.73549592616849E+0003 2.12844085566431E+0004 2.27385727547225E+0003 1.76584219672348E+0002 1.88747678315456E+0002 9.22603066963355E+0001 6.55547875237534E+0002
55 7.32582582568619E+0004 6.18322416600317E+0003 5.69780451995514E+0003 2.66846401169052E+0003 2.10738602290826E+0004 2.83158645172250E+0003 2.13356018773153E+0002 2.40188620594067E+0002 1.16726840689633E+0002 8.16445903627046E+0002
56 7.43425645494608E+0004 6.30833888387670E+0003 5.75739242452690E+0003 2.68167987828283E+0003 2.13815941766754E+0004 9.84333585786027E+0002 7.66382205096932E+0001 8.13759967634541E+0001 3.86444259104552E+0001 2.83438134952711E+0002
57 7.64020828448630E+0004 6.51015477735853E+0003 5.89719572840083E+0003 2.72527144910082E+0003 2.19683291519336E+0004 0.00000000000000E+0000 0.00000000000000E+0000 0.00000000000000E+0000 0.00000000000000E+0000 0.00000000000000E+0000
58 7.74791218445283E+0004 6.63702782594118E+0003 5.95486472973635E+0003 2.72298324111504E+0003 2.22705594339170E+0004 9.94172331540831E+0002 7.69730024276316E+0001 8.24400016829977E+0001 4.24594807484135E+0001 2.87050755935970E+0002
59 7.90287886731829E+0004 6.80098418481800E+0003 5.85256939285335E+0003 2.73792884662093E+0003 2.26608650633940E+0004 4.94002420834171E+0002 3.82052722080626E+0001 4.33963688655025E+0001 2.12178218510082E+0001 1.43237252102099E+0002
60 7.92212536535997E+0004 6.85308052206089E+0003 5.80426829901245E+0003 2.70123786356909E+0003 2.26991616811780E+0004 1.83973510680247E+0003 1.49797590573091E+0002 1.47473221437555E+0002 7.03837070686202E+0001 5.29773510211618E+0002
61 8.00730384308708E+0004 6.96136322199437E+0003 5.81241341588659E+0003 2.69832826999984E+0003 2.29308344013004E+0004 1.15989261439357E+0003 9.26434631253160E+0001 9.13086970186104E+0001 4.29309029551168E+0001 3.32826162598227E+0002
62 7.97980390712973E+0004 6.97139990142476E+0003 5.73646227296931E+0003 2.65896351554716E+0003 2.28395675426973E+0004 2.26276882489980E+0003 1.89292958737107E+0002 1.69216088133176E+0002 7.90434310562579E+0001 6.48077112678322E+0002
63 7.99836286321953E+0004 7.01441318803091E+0003 5.70279927306000E+0003 2.64090683783130E+0003 2.28820195034682E+0004 1.77946644327223E+0003 1.54968162149081E+0002 1.26451053114086E+0002 5.70263396934658E+0001 5.08298879574928E+0002
64 7.83580543212956E+0004 6.90215775506428E+0003 5.53886648773793E+0003 2.56484810776598E+0003 2.24073424012473E+0004 3.57172701748692E+0003 3.09061553288219E+0002 2.56327514634019E+0002 1.18739254004505E+0002 1.02140528145927E+0003
65 7.69815264289256E+0004 6.81717525876348E+0003 5.39227528529363E+0003 2.49503901139507E+0003 2.20046438362507E+0004 3.27211647957643E+0003 2.77470820214101E+0002 2.39119108161056E+0002 1.11578028598495E+0002 9.36068264772020E+0002
66 7.88294436865235E+0004 7.00570367902495E+0003 5.48416371602665E+0003 2.53879067327292E+0003 2.25259444211635E+0004 0.00000000000000E+0000 0.00000000000000E+0000 0.00000000000000E+0000 0.00000000000000E+0000 0.00000000000000E+0000
67 7.58280278763680E+0004 6.75199952531055E+0003 5.25366561802150E+0003 2.42907954338323E+0003 2.16630654151400E+0004 4.86038079107715E+0003 4.44079666424366E+0002 3.22663788599156E+0002 1.47630334186442E+0002 1.38594109926891E+0003
68 7.70616388452388E+0004 6.89194997573221E+0003 5.30060926952353E+0003 2.44802013587638E+0003 2.20085323743290E+0004 5.61682711296396E+0002 4.43501412493943E+0001 4.37811749322512E+0001 2.06049437465219E+0001 1.60900553093896E+0002
69 7.78392633187298E+0004 6.99802314306563E+0003 5.30892516451019E+0003 2.44937905062883E+0003 2.22229417624643E+0004 1.02074383572673E+0003 7.93806892208695E+0001 8.30260479252882E+0001 3.96240682226317E+0001 2.93465913862928E+0002
70 7.73908602537159E+0004 6.98538644588004E+0003 5.24180535980122E+0003 2.40809661233893E+0003 2.20862756812167E+0004 2.22061085203000E+0003 1.96336569034300E+0002 1.53263552414031E+0002 7.06822078930188E+0001 6.33814363529122E+0002
