15 4.05034982333910E+0004 2.43190063737202E+0003 4.13370363162727E+0003 3.20350566527533E+0003 1.20654259602397E+0004
16 4.44472496383415E+0004 2.73263701824742E+0003 4.45033581017297E+0003 3.44264797848735E+0003 1.32174889068598E+0004
17 4.77956812254643E+0004 2.99583688500029E+0003 4.71185923377272E+0003 3.63961172204832E+0003 1.41943173759085E+0004
18 5.12124934095486E+0004 3.27289759380681E+0003 4.97000619682105E+0003 3.83329003874620E+0003 1.51892849373414E+0004
19 5.46521027905662E+0004 3.54873752092801E+0003 5.23746975311457E+0003 3.97905800719449E+0003 1.61801683372328E+0004
20 5.75891106539580E+0004 3.79934905192925E+0003 5.44763538549292E+0003 3.99614684951783E+0003 1.69997380658155E+0004
21 6.07145911683356E+0004 4.06474435410300E+0003 5.67593918092077E+0003 4.01544764230530E+0003 1.78729733629595E+0004
22 6.30458373158341E+0004 4.28106766416749E+0003 5.82629991728369E+0003 3.94224117148452E+0003 1.85029070565048E+0004
23 6.57706162050263E+0004 4.51936842674785E+0003 6.02028515608108E+0003 3.88839080428483E+0003 1.92476785421136E+0004
24 6.86248907712716E+0004 4.76537242077798E+0003 7.88065391654793E+0003 3.86693792585486E+0003 2.04330852082686E+0004
25 7.06588001394689E+0004 4.95847935231047E+0003 7.85211102053514E+0003 3.84334781968724E+0003 2.09550571996804E+0004
26 7.27159066034481E+0004 5.15621289519330E+0003 7.83760480443702E+0003 3.84402555958861E+0003 2.14928999670401E+0004
27 7.43999940014957E+0004 5.32515195068286E+0003 7.80012140510595E+0003 3.83533929921605E+0003 2.19265455975602E+0004
28 7.69610697631424E+0004 5.55647108328838E+0003 7.85607394299462E+0003 3.90784903930731E+0003 2.26275513188958E+0004
29 7.96934838192444E+0004 5.80394239746797E+0003 7.95221382633330E+0003 3.98189782523370E+0003 2.33835690883871E+0004
30 8.22565103962943E+0004 6.03912447836304E+0003 8.05756935891233E+0003 4.01240857765562E+0003 2.40877470746941E+0004
31 8.41674842395277E+0004 6.23432326412357E+0003 8.10413768582651E+0003 4.00498806045630E+0003 2.46026239799842E+0004
32 8.58831309241355E+0004 6.40426919060686E+0003 8.15030028027544E+0003 4.01836132584309E+0003 2.50694548130066E+0004
33 8.79622206024035E+0004 6.60558631336941E+0003 8.23365282360103E+0003 4.05057575249468E+0003 2.56444885180485E+0004
34 8.98533480026945E+0004 6.79812484644451E+0003 8.29468656163057E+0003 4.06603038678831E+0003 2.61629255514139E+0004
35 9.26450613533271E+0004 7.05507507886423E+0003 8.43076330406542E+0003 4.13506073875952E+0003 2.69438305140040E+0004
36 9.48748768197300E+0004 7.27818489092879E+0003 8.51309129599363E+0003 4.17707260254062E+0003 2.75623741462063E+0004
37 9.60803493934006E+0004 7.42200980546550E+0003 8.51279461482281E+0003 4.14720920663572E+0003 2.78789671248780E+0004
38 9.77207042653367E+0004 7.59564905154713E+0003 8.55421512080496E+0003 4.15244118842366E+0003 2.83255223102670E+0004
39 9.98991534845277E+0004 7.81320608595469E+0003 8.64652227412757E+0003 4.19221295688757E+0003 2.89322627523594E+0004
40 1.02422056137931E+0005 8.05812248692222E+0003 8.76280952602892E+0003 4.23481500199746E+0003 2.96346727566912E+0004
41 1.05506046173158E+0005 8.34505386974826E+0003 8.92338442713397E+0003 4.29263547190423E+0003 3.04961087860667E+0004
42 1.07162198618709E+0005 8.53132819441915E+0003 8.95227823610965E+0003 4.27610250529932E+0003 3.09412578130891E+0004
43 1.08183075640219E+0005 8.66582959544705E+0003 8.92154911795645E+0003 4.23834542035259E+0003 3.12021119457540E+0004
44 1.10072915890380E+0005 8.85841516663321E+0003 8.97505910215620E+0003 4.22635474094046E+0003 3.17118587760264E+0004
45 1.11360639103684E+0005 9.00760185684884E+0003 8.97342091855893E+0003 4.21872680692579E+0003 3.20544932846442E+0004
46 1.13424144285066E+0005 9.21850595045715E+0003 9.03448975238250E+0003 4.25352413963216E+0003 3.26233593906093E+0004
47 1.14648236127737E+0005 9.35858193073849E+0003 9.02947543547830E+0003 4.25564932271299E+0003 3.29500662760003E+0004
48 1.15180200650863E+0005 9.45308465939537E+0003 8.97343895824102E+0003 4.23832224632986E+0003 3.30828111635591E+0004
49 1.18031600498001E+0005 9.73203977816470E+0003 9.10718952059847E+0003 4.29114164948615E+0003 3.38788731471002E+0004
50 1.19279600639903E+0005 9.87972183572198E+0003 9.13470001799393E+0003 4.30874324168918E+0003 3.42246637764740E+0004
51 1.22203073236865E+0005 1.01673072954827E+0004 9.28869614427819E+0003 4.36669412879984E+0003 3.50461849933023E+0004
52 1.22933129595649E+0005 1.02672090397111E+0004 9.28110678414930E+0003 4.35246126393834E+0003 3.52401376040276E+0004
53 1.25594117736109E+0005 1.05351458923785E+0004 9.41072618437788E+0003 4.40194411862490E+0003 3.59860641435579E+0004
54 1.28060074624823E+0005 1.07865110456275E+0004 9.52839634732554E+0003 4.44855722744443E+0003 3.66776494188529E+0004
55 1.31245660386506E+0005 1.10978539339771E+0004 9.69466954371639E+0003 4.50951654257647E+0003 3.75714480976262E+0004
56 1.33288413685397E+0005 1.13206863646267E+0004 9.75997170237985E+0003 4.52291283889173E+0003 3.81340763019109E+0004
57 1.34120206340445E+0005 1.14487307817789E+0004 9.73014681270824E+0003 4.49080088598869E+0003 3.83495723570208E+0004
58 1.34415455440676E+0005 1.15275333451626E+0004 9.66698057271611E+0003 4.45607838491129E+0003 3.84158514584317E+0004
59 1.34462774008766E+0005 1.15835733249727E+0004 9.58991952628060E+0003 4.42301606883609E+0003 3.84142279029255E+0004
60 1.36412915192850E+0005 1.18032722903036E+0004 9.65306139227099E+0003 4.46035977693916E+0003 3.89591060765674E+0004
61 1.39528720478605E+0005 1.21158970464522E+0004 9.80543465869708E+0003 4.52107220019691E+0003 3.98330698521482E+0004
62 1.40362104844604E+0005 1.22254880394244E+0004 9.79925440751909E+0003 4.49064352983785E+0003 4.00505977971324E+0004
63 1.39873406741497E+0005 1.22342182035352E+0004 9.69109590530210E+0003 4.42888627325470E+0003 3.98946257096614E+0004
64 1.41313107162857E+0005 1.24094766602896E+0004 9.72749501586192E+0003 4.45165139081463E+0003 4.02964152551574E+0004
65 1.41603372251514E+0005 1.24847834394658E+0004 9.68459027831339E+0003 4.43319664908800E+0003 4.03694262284114E+0004
66 1.40635429905232E+0005 1.24486488294009E+0004 9.55508023383318E+0003 4.37049775602244E+0003 4.00823176138773E+0004
67 1.43719047113858E+0005 1.27650771343723E+0004 9.70826451954301E+0003 4.44977928529861E+0003 4.09541203327374E+0004
68 1.43858734213177E+0005 1.28089571923181E+0004 9.67839300427994E+0003 4.43197684542010E+0003 4.09867347012469E+0004
69 1.46176909806580E+0005 1.30642793742322E+0004 9.78056282260214E+0003 4.46327945120639E+0003 4.16364075491090E+0004
70 1.47869447362695E+0005 1.32576718489332E+0004 9.84642931338822E+0003 4.48391001772095E+0003 4.21097900502570E+0004
71 1.49157437720626E+0005 1.34263790191626E+0004 9.86973330388230E+0003 4.48165856534738E+0003 4.24644500661642E+0004
72 1.47087818791232E+0005 1.33003056129879E+0004 9.66494744632056E+0003 4.37764233102608E+0003 4.18633714035759E+0004
73 1.48234852496546E+0005 1.34554228570951E+0004 9.68386444348915E+0003 4.38990287446638E+0003 4.21833702411833E+0004
74 1.49028082286383E+0005 1.35773652304180E+0004 9.67461419784578E+0003 4.39128452963634E+0003 4.24011230986278E+0004
75 1.46813342937139E+0005 1.34020135759031E+0004 9.49557732548108E+0003 4.30011922614997E+0003 4.17626527355216E+0004
76 1.48393318359552E+0005 1.35901796975126E+0004 9.54838142663230E+0003 4.32108710473543E+0003 4.22047119812238E+0004
77 1.51379120597454E+0005 1.39070876921079E+0004 9.69425130552740E+0003 4.38591925559868E+0003 4.30479309241652E+0004
78 1.52874341855185E+0005 1.40883092152455E+0004 9.74057742802008E+0003 4.39134494980953E+0003 4.34626976275825E+0004
79 1.52226823885810E+0005 1.40843912425104E+0004 9.64581937324631E+0003 4.33400410130981E+0003 4.32698492646905E+0004
80 1.55209516620725E+0005 1.44042291785368E+0004 9.78427555762438E+0003 4.39568048265397E+0003 4.41104884414896E+0004
81 1.57197594931082E+0005 1.46397193341478E+0004 9.84938148352222E+0003 4.41992756944248E+0003 4.46655895963666E+0004
82 1.59140310968198E+0005 1.48718409119448E+0004 9.91223840164868E+0003 4.43437332865916E+0003 4.52061032665083E+0004
83 1.58841757442664E+0005 1.48879682045062E+0004 9.84210581627884E+0003 4.39691904759413E+0003 4.51125001226505E+0004
84 1.61830179226138E+0005 1.52126728505298E+0004 9.97441599660193E+0003 4.45384394102475E+0003 4.59530668834305E+0004
85 1.60044033169437E+0005 1.50646927154415E+0004 9.83538109349564E+0003 4.38790834085609E+0003 4.54396836766154E+0004
86 1.59944604211446E+0005 1.51231333883736E+0004 9.75704030418407E+0003 4.34521312238923E+0003 4.54007978463342E+0004
87 1.57288118312445E+0005 1.49131451115935E+0004 9.54611620186758E+0003 4.25439799811288E+0003 4.46404266297645E+0004
88 1.60192024600698E+0005 1.52323215846351E+0004 9.67967993711447E+0003 4.31806420742482E+0003 4.54613016791694E+0004
89 1.60564339396931E+0005 1.53262958512678E+0004 9.64387880270157E+0003 4.29743121558002E+0003 4.55596668639552E+0004
90 1.59273913949001E+0005 1.52411252530428E+0004 9.52951101884269E+0003 4.23528114470228E+0003 4.51871595277414E+0004
