15 1.60836202180147E+0004 8.30480189267310E+0002 1.84900105345769E+0003 1.44899563227481E+0003 4.85090330232348E+0003
16 1.92816054111628E+0004 1.03845411718706E+0003 2.14382687312229E+0003 1.67478871491934E+0003 5.79328202793397E+0003
17 2.25644726485918E+0004 1.25840604647838E+0003 2.44072379066939E+0003 1.90182601848467E+0003 6.75970284101381E+0003
18 2.56926223787317E+0004 1.47976615646397E+0003 2.70779822990193E+0003 2.10474719503289E+0003 7.67638415043131E+0003
19 2.88970909192827E+0004 1.70726308913490E+0003 2.98426541201255E+0003 2.82630919933159E+0003 8.73958286874283E+0003
20 3.15925456997616E+0004 1.90992850548917E+0003 3.20232347616516E+0003 2.88629138976407E+0003 9.50186137708321E+0003
21 3.45721686884495E+0004 2.13417127854900E+0003 3.44701260454960E+0003 2.93636224656638E+0003 1.03415315563474E+0004
22 3.71532947379475E+0004 2.33714880571233E+0003 3.64920533690802E+0003 2.95177326597931E+0003 1.10619413151713E+0004
23 3.90208531782776E+0004 2.49558544011228E+0003 3.78241945193804E+0003 2.85858743299674E+0003 1.15577869207979E+0004
24 4.13809944453513E+0004 2.68472489131393E+0003 5.57575192758937E+0003 2.83412538961025E+0003 1.25941431969275E+0004
25 4.29148395059869E+0004 2.82497593334590E+0003 5.56104789007559E+0003 2.82196907903788E+0003 1.29894797780271E+0004
26 4.48159770133076E+0004 2.99025016743975E+0003 5.57913483171266E+0003 2.82599889439192E+0003 1.34907266176444E+0004
27 4.68551052416679E+0004 3.16005006013487E+0003 5.61137888200514E+0003 2.82186390744104E+0003 1.40276155418997E+0004
28 4.86854900021677E+0004 3.32037981504505E+0003 5.62085672480867E+0003 2.81816629756239E+0003 1.45067742815001E+0004
29 5.05239903082450E+0004 3.48063322784877E+0003 5.65377674692443E+0003 2.85661145156907E+0003 1.50036028163009E+0004
30 5.22967634892524E+0004 3.63564094923109E+0003 5.70832266026942E+0003 2.91218254891443E+0003 1.54926983154401E+0004
31 5.40727902695274E+0004 3.79578818596322E+0003 5.76448350808242E+0003 2.96385493917683E+0003 1.59832600566599E+0004
32 5.55037584750339E+0004 3.92799179628164E+0003 5.77162642969415E+0003 2.94848272265043E+0003 1.63564462616784E+0004
33 5.62028641886196E+0004 4.01820396408404E+0003 5.70061651828974E+0003 2.96868421593955E+0003 1.65336885328639E+0004
34 5.77382687326084E+0004 4.16204259482128E+0003 5.74020432584580E+0003 2.71243240109858E+0003 1.68847075330498E+0004
35 5.91332127325058E+0004 4.29598851386410E+0003 5.77625430774618E+0003 2.72748682431093E+0003 1.72639061708225E+0004
36 6.09868790835630E+0004 4.46457496898103E+0003 5.78618147997260E+0003 2.78171347706846E+0003 1.77646437623004E+0004
37 6.19352577300783E+0004 4.57257586795713E+0003 5.77686114030617E+0003 2.79138633571636E+0003 1.80182594577739E+0004
38 6.26932046968817E+0004 4.66482564312680E+0003 5.74900960431553E+0003 2.77547030095444E+0003 1.82118024588668E+0004
39 6.45831534997788E+0004 4.83844232833364E+0003 5.85067166267651E+0003 2.83707426931721E+0003 1.87462420224255E+0004
40 6.57030200589965E+0004 4.96238636321785E+0003 5.86216392178745E+0003 2.84207157607943E+0003 1.90487140608195E+0004
41 6.62273140962154E+0004 5.04197181266942E+0003 5.83204594606137E+0003 2.77331800351089E+0003 1.91699159660297E+0004
42 6.74739140903330E+0004 5.17327932022690E+0003 5.86927581852299E+0003 2.77272518086405E+0003 1.95094066583873E+0004
43 6.91447656526147E+0004 5.33356580429024E+0003 5.93362499432341E+0003 2.79568973208718E+0003 1.99698350839957E+0004
44 7.04057007111412E+0004 5.46276305048428E+0003 5.95414901706913E+0003 2.78483400528481E+0003 2.03057872281551E+0004
45 7.19566304415298E+0004 5.61044273772157E+0003 5.99991530779457E+0003 2.78973215428970E+0003 2.07256129539206E+0004
46 7.09512055076359E+0004 5.56298782948477E+0003 5.82721539968436E+0003 2.71613613370906E+0003 2.04138107689234E+0004
47 7.18779307707509E+0004 5.66667924426003E+0003 5.83379731938149E+0003 2.73774797387596E+0003 2.06678772739844E+0004
48 7.23445421600854E+0004 5.74648898930537E+0003 5.80951459635146E+0003 2.73683799476756E+0003 2.07929720977223E+0004
49 7.29037724960988E+0004 5.82833117998653E+0003 5.78568121496882E+0003 2.73769350338571E+0003 2.09413148146656E+0004
50 7.39377767366247E+0004 5.94080808581436E+0003 5.80351950378721E+0003 2.74637071409273E+0003 2.12228340096766E+0004
51 7.31622159654404E+0004 5.91508428896306E+0003 5.68915640388899E+0003 2.67952886094712E+0003 2.09870365246175E+0004
52 7.41978732870625E+0004 6.02704631758346E+0003 5.73625583791095E+0003 2.69166173012691E+0003 2.12766809214441E+0004
53 7.54112470052185E+0004 6.15657052900316E+0003 5.79449559128489E+0003 2.73910467346973E+0003 2.16243402717543E+0004
54 7.64169092674430E+0004 6.27195455228540E+0003 5.82330394558663E+0003 2.74087532759956E+0003 2.19007303422995E+0004
55 7.63229239134321E+0004 6.29893799962469E+0003 5.76315734816551E+0003 2.70915502039665E+0003 2.18626018275885E+0004
56 7.63964721479553E+0004 6.34159464967376E+0003 5.72675355941737E+0003 2.69061473122333E+0003 2.18773044211848E+0004
57 7.76634450903728E+0004 6.47506613079195E+0003 5.78881683139459E+0003 2.73697378128944E+0003 2.22394324401237E+0004
58 7.73670678516561E+0004 6.48471059882965E+0003 5.72868472824476E+0003 2.65924135506028E+0003 2.21375290881098E+0004
59 7.74765364694901E+0004 6.52345134183568E+0003 5.69868848935986E+0003 2.64794952458786E+0003 2.21631901980656E+0004
60 7.76088393961132E+0004 6.56643458892608E+0003 5.67176514830172E+0003 2.63703316561126E+0003 2.21961773517485E+0004
61 7.89997165163319E+0004 6.71780079715690E+0003 5.73731834049025E+0003 2.66786770740040E+0003 2.25894488067311E+0004
62 7.96103726527612E+0004 6.80172547643354E+0003 5.73785124244643E+0003 2.65222467359474E+0003 2.27525217708566E+0004
63 7.89278462941906E+0004 6.75838864470546E+0003 5.65933605386642E+0003 2.60114500200171E+0003 2.25472118387434E+0004
64 8.07531395153151E+0004 6.93972635543439E+0003 5.75126731277793E+0003 2.64551423077792E+0003 2.30615153794333E+0004
65 8.17147879863241E+0004 7.05643599965456E+0003 5.76901255295849E+0003 2.65015993061101E+0003 2.33256951526916E+0004
66 8.35382991571033E+0004 7.23907475944202E+0003 5.85738661284965E+0003 2.68233134016485E+0003 2.38361020486944E+0004
67 8.50215298203742E+0004 7.39796516301982E+0003 5.91313966768427E+0003 2.70019082526159E+0003 2.42478781143216E+0004
68 8.68662183558925E+0004 7.58415419837607E+0003 5.99706445634724E+0003 2.73435533041715E+0003 2.47636301618479E+0004
69 8.79987211045580E+0004 7.71309166527899E+0003 6.03168644291532E+0003 2.74343628502871E+0003 2.50768645194674E+0004
70 8.91051593208274E+0004 7.84011067994700E+0003 6.06162913246292E+0003 2.74797701831760E+0003 2.53811702763732E+0004
71 9.09528426940847E+0004 8.02860775083381E+0003 6.14439989747495E+0003 2.77997775532266E+0003 2.58973987434519E+0004
72 9.28119827467168E+0004 8.21889716541476E+0003 6.22716670996269E+0003 2.81427532679474E+0003 2.64173572677334E+0004
73 9.46825928908368E+0004 8.41098107132648E+0003 6.31036231962316E+0003 2.84590550733727E+0003 2.69399620293897E+0004
74 9.43566688587535E+0004 8.41102524830383E+0003 6.24466726326590E+0003 2.81023169299937E+0003 2.68374223351974E+0004
75 9.62269155870066E+0004 8.60433694741939E+0003 6.32863879055371E+0003 2.84767026871585E+0003 2.73618147824869E+0004
76 9.59580834365032E+0004 8.61099209473520E+0003 6.26589486207528E+0003 2.81841190646698E+0003 2.72768117519474E+0004
77 9.70216650655584E+0004 8.73860212112195E+0003 6.29372356349580E+0003 2.82817063506663E+0003 2.75717187324583E+0004
78 9.71025462863747E+0004 8.78272913495797E+0003 6.25425497969967E+0003 2.81012220673574E+0003 2.75879166258643E+0004
79 9.80195052646297E+0004 8.89753877720237E+0003 6.27668032285290E+0003 2.81888692753631E+0003 2.78430267101331E+0004
80 9.57733979563393E+0004 8.71879566374455E+0003 6.10329636313448E+0003 2.73797756553823E+0003 2.72000322117016E+0004
81 9.42507226667481E+0004 8.59842958691389E+0003 5.98901242330361E+0003 2.68644933952488E+0003 2.67659073639577E+0004
82 9.60471582735680E+0004 8.78851431211291E+0003 6.07703015195544E+0003 2.73107452206559E+0003 2.72745065423285E+0004
83 9.35301570832052E+0004 8.58089049070155E+0003 5.89376639197608E+0003 2.64483543936703E+0003 2.65559158572600E+0004
84 9.34462590992813E+0004 8.59312159912361E+0003 5.87174173750994E+0003 2.63372654759064E+0003 2.65307637560413E+0004
85 9.52040930381641E+0004 8.78060515397593E+0003 5.95870294901642E+0003 2.67380577884046E+0003 2.70281296607992E+0004
86 9.23379429513768E+0004 8.54221289214276E+0003 5.75606614967580E+0003 2.57681723616636E+0003 2.62111294150468E+0004
87 9.40625753521453E+0004 8.72722650592464E+0003 5.84245601617494E+0003 2.61288049016145E+0003 2.66988332074575E+0004
88 9.57978707509182E+0004 8.91393563805617E+0003 5.92552608492971E+0003 2.64905864976736E+0003 2.71887338696811E+0004
89 9.75438366038512E+0004 9.10234271955787E+0003 6.00619227108222E+0003 2.67658311262620E+0003 2.76789491297082E+0004
90 9.62637997565939E+0004 9.01226834524144E+0003 5.89767502544523E+0003 2.61973258897796E+0003 2.73104341719021E+0004
