15 3.05626604543338E+0004 1.75409668343747E+0003 3.23264379688785E+0003 2.51362278330566E+0003 9.13512569231154E+0003
16 3.35558592107240E+0004 1.97777026409403E+0003 3.47450669185767E+0003 2.69627517083011E+0003 1.00090587210013E+0004
17 3.59830987995567E+0004 2.16985715012121E+0003 3.65803279949140E+0003 2.83376911581866E+0003 1.07147418875971E+0004
18 3.84731781520817E+0004 2.36674111557914E+0003 3.84970735457148E+0003 2.97781877676390E+0003 1.14401868957590E+0004
19 4.08849934317166E+0004 2.56421828763397E+0003 4.02780111844113E+0003 3.13795218025140E+0003 1.21475916043303E+0004
20 4.30635712827777E+0004 2.74879594376728E+0003 4.18328632684715E+0003 3.14672013708997E+0003 1.27541696857157E+0004
21 4.54663730303229E+0004 2.94491755433863E+0003 4.36601059458941E+0003 3.18539831789392E+0003 1.34310478793147E+0004
22 4.77817219531118E+0004 3.14136676042794E+0003 4.53398085785328E+0003 3.20852169302558E+0003 1.40797419034604E+0004
23 5.01133000145693E+0004 3.33546164999941E+0003 4.70941156543977E+0003 3.21316486391345E+0003 1.47291211425412E+0004
24 5.20024285591852E+0004 3.50772589147384E+0003 6.19865171793746E+0003 3.19946995119648E+0003 1.55779862687503E+0004
25 5.41803281495407E+0004 3.69743982966613E+0003 6.25930568858138E+0003 3.22181942684088E+0003 1.61661343427110E+0004
26 5.65853960000987E+0004 3.90295190568839E+0003 6.35782233099188E+0003 3.26671983708157E+0003 1.68270936177265E+0004
27 5.87209811345835E+0004 4.09014900158694E+0003 6.42149311442887E+0003 3.26550460340041E+0003 1.73995506849599E+0004
28 6.08456190657146E+0004 4.27927826056946E+0003 6.49242310296307E+0003 3.30193438462973E+0003 1.79806211553304E+0004
29 6.28522905528215E+0004 4.46161543305401E+0003 6.53443601896300E+0003 3.29909286140798E+0003 1.85153843678992E+0004
30 6.49174085722590E+0004 4.64617142645662E+0003 6.59258756803422E+0003 3.33650982209488E+0003 1.90782425733227E+0004
31 6.60825768746701E+0004 4.77173763108200E+0003 6.57714029648697E+0003 3.29964856156838E+0003 1.93754648073138E+0004
32 6.76425279383005E+0004 4.92833587382240E+0003 6.58609295878881E+0003 3.35367484954584E+0003 1.98025515889098E+0004
33 6.83281174705170E+0004 5.00933859194904E+0003 6.54854007806203E+0003 3.12037307646302E+0003 1.99215286120779E+0004
34 7.00120408180247E+0004 5.17246775012007E+0003 6.58457272550553E+0003 3.11825336643529E+0003 2.03729603184205E+0004
35 7.20336810662002E+0004 5.35740756306727E+0003 6.60184878346553E+0003 3.16616673385653E+0003 2.09181849951815E+0004
36 7.36461044087359E+0004 5.51112336120161E+0003 6.65462083846780E+0003 3.16893100680620E+0003 2.13553871076508E+0004
37 7.47677248667077E+0004 5.63521446183309E+0003 6.64706613033212E+0003 3.17900162449846E+0003 2.16549617000091E+0004
38 7.51829165514820E+0004 5.70905703422916E+0003 6.62030376393749E+0003 3.19390652287050E+0003 2.17694841294046E+0004
39 7.58269805061924E+0004 5.80243112516011E+0003 6.57134027966013E+0003 3.16061722506955E+0003 2.19267285926597E+0004
40 7.60737113048717E+0004 5.86515630509548E+0003 6.52305649330504E+0003 3.12354909207657E+0003 2.19805135668837E+0004
41 7.80359542415795E+0004 6.05326064865156E+0003 6.62102297564003E+0003 3.17332677698402E+0003 2.25320555142852E+0004
42 7.95746332750450E+0004 6.20041556860824E+0003 6.67922228441058E+0003 3.17523966250420E+0003 2.29510825897363E+0004
43 8.11956806616528E+0004 6.36436941699697E+0003 6.73916198589522E+0003 3.17013949150899E+0003 2.33926443734530E+0004
44 8.19947874143642E+0004 6.46387673490017E+0003 6.73535499484608E+0003 3.16868136622421E+0003 2.36070481224803E+0004
45 8.29898979177519E+0004 6.58108563393773E+0003 6.74607201646132E+0003 3.18277041126387E+0003 2.38799582350596E+0004
46 8.35645868945066E+0004 6.67204468351765E+0003 6.73097660117402E+0003 3.18430565938958E+0003 2.40364593212611E+0004
47 8.46238748690301E+0004 6.79762050980597E+0003 6.74796190674257E+0003 3.18992090202338E+0003 2.43262507650245E+0004
48 8.41315419999579E+0004 6.77370379263738E+0003 6.65636488107205E+0003 3.13415994887302E+0003 2.41669849494097E+0004
49 8.50668822444834E+0004 6.88652404184180E+0003 6.67705028616916E+0003 3.14206319537272E+0003 2.44254047442881E+0004
50 8.71609150989699E+0004 7.08973931766236E+0003 6.79086429034605E+0003 3.20167090478945E+0003 2.50183655068243E+0004
51 8.91007634703259E+0004 7.28161391254763E+0003 6.88891574771732E+0003 3.24087261097904E+0003 2.55629197779768E+0004
52 9.02640247817076E+0004 7.41716401973754E+0003 6.91592324503709E+0003 3.23859165242010E+0003 2.58805688877366E+0004
53 8.88211228564616E+0004 7.34103719677343E+0003 6.74727632804490E+0003 3.16553472198039E+0003 2.54579930647825E+0004
54 8.75004694001842E+0004 7.27254706287064E+0003 6.59332509118607E+0003 3.09763951458728E+0003 2.50713554565188E+0004
55 8.93377557521963E+0004 7.46228082404350E+0003 6.69041406457991E+0003 3.14322920237823E+0003 2.55920831623675E+0004
56 8.99689897953770E+0004 7.55894727666463E+0003 6.68020625833609E+0003 3.12110183859197E+0003 2.57590188405527E+0004
57 9.05837575131322E+0004 7.63801858094632E+0003 6.68080740129783E+0003 3.09887646928420E+0003 2.59203503915185E+0004
58 9.01083679491636E+0004 7.63663906796457E+0003 6.59134162124792E+0003 3.05249969180533E+0003 2.57733235992435E+0004
59 8.87946142979986E+0004 7.54314883450531E+0003 6.46833468870499E+0003 2.99800546982522E+0003 2.53929847898482E+0004
60 9.06940502420717E+0004 7.73799643205227E+0003 6.56377717496133E+0003 3.04969147373839E+0003 2.59309236774777E+0004
61 9.28628125567541E+0004 7.95273031138378E+0003 6.67591416245958E+0003 3.10274980466860E+0003 2.65426096404638E+0004
62 9.39853689158102E+0004 8.08661993523137E+0003 6.70454767595669E+0003 3.10519956656564E+0003 2.68516166624554E+0004
63 9.48628580928783E+0004 8.20493445752078E+0003 6.71374697859481E+0003 3.09892048427578E+0003 2.70913104031847E+0004
64 9.53931556781377E+0004 8.28606503816203E+0003 6.70828628023125E+0003 3.08167720659563E+0003 2.72326042087504E+0004
65 9.67910471499408E+0004 8.44093346012690E+0003 6.76191999123504E+0003 3.09066598942401E+0003 2.76202959817744E+0004
66 9.78960128092329E+0004 8.57708987183131E+0003 6.78367173946828E+0003 3.09798944763568E+0003 2.79251433283603E+0004
67 9.70653926098756E+0004 8.55865721981357E+0003 6.65062773904818E+0003 3.02359652436204E+0003 2.76715857823438E+0004
68 9.84362604535503E+0004 8.71285597645878E+0003 6.68151020649814E+0003 3.01133604633220E+0003 2.80420710438814E+0004
69 9.89739560112712E+0004 8.79591796893264E+0003 6.65525231261711E+0003 2.98544253573265E+0003 2.81785365188529E+0004
70 9.73660454991970E+0004 8.69492563539801E+0003 6.47744958845004E+0003 2.90383742454294E+0003 2.77061419554211E+0004
71 9.81607640511799E+0004 8.80565993022023E+0003 6.47328664071510E+0003 2.90315609043032E+0003 2.79222880110109E+0004
72 9.96602713360265E+0004 8.97384555814753E+0003 6.51542013989187E+0003 2.92335521076923E+0003 2.83374941387604E+0004
73 1.01573269960037E+0005 9.17346930223886E+0003 6.58868380444242E+0003 2.94745384684236E+0003 2.88678904592547E+0004
74 1.02552178822579E+0005 9.29433401810652E+0003 6.60021557077543E+0003 2.94593170328808E+0003 2.91342384275400E+0004
75 1.03753118607433E+0005 9.43745829688270E+0003 6.63229742430124E+0003 2.95810519967622E+0003 2.94674350867905E+0004
76 1.04500117773383E+0005 9.53640695404433E+0003 6.63929869492489E+0003 2.96092874821799E+0003 2.96728205209369E+0004
77 1.04495881308989E+0005 9.57489034709343E+0003 6.58953128988270E+0003 2.93625477643310E+0003 2.96631738533757E+0004
78 1.04846457813972E+0005 9.63365282641453E+0003 6.57296820052070E+0003 2.93135883677569E+0003 2.97562650426441E+0004
79 1.03572442188192E+0005 9.54080567860414E+0003 6.46634932629998E+0003 2.88611690505164E+0003 2.93917713835555E+0004
80 1.03124863535220E+0005 9.53611517296003E+0003 6.40259273216973E+0003 2.85774954701943E+0003 2.92611170369687E+0004
81 1.02986373245197E+0005 9.54313796837563E+0003 6.37663014882757E+0003 2.84895519643704E+0003 2.92212231741210E+0004
82 1.03791010692347E+0005 9.65145574415596E+0003 6.39392415147766E+0003 2.85458739166747E+0003 2.94458347151155E+0004
83 1.05666333270240E+0005 9.85356434445257E+0003 6.48388164742424E+0003 2.89031275387870E+0003 2.99745820838389E+0004
84 1.00801828198816E+0005 9.41667606340529E+0003 6.16402216017758E+0003 2.74052307275984E+0003 2.85895318788383E+0004
85 9.87430986488485E+0004 9.24260775575986E+0003 6.02324417142657E+0003 2.67978861436195E+0003 2.80052974056952E+0004
86 1.00526378526314E+0005 9.43608533698185E+0003 6.11133599797778E+0003 2.72600379969109E+0003 2.85119528786316E+0004
87 1.02320413746193E+0005 9.63128809682338E+0003 6.19706148005854E+0003 2.76032124391963E+0003 2.90181802960787E+0004
88 1.02800359649040E+0005 9.70900861165946E+0003 6.19578945632672E+0003 2.75004569266625E+0003 2.91492488183263E+0004
89 1.04600420471814E+0005 9.90608424454188E+0003 6.27856433455057E+0003 2.78037130391596E+0003 2.96557056851576E+0004
90 1.06411192288057E+0005 1.01048838743416E+0004 6.36046457737377E+0003 2.81074258536809E+0003 3.01649479980338E+0004
