 2.50606500000000E-0001    8.15022337500000E-0002     2.33686080000000E-0002      8.84128200000000E-0003     5.95607250000000E-0003     3.93212000000000E-0003
 3.17813772250217E-0001    9.84966325265839E-0002     2.33686080000000E-0002      8.84128200000000E-0003     5.95607250000000E-0003     3.93212000000000E-0003
 3.46633860131838E-0001    1.05784237719262E-0001     2.33686080000000E-0002      8.84128200000000E-0003     5.95607250000000E-0003     3.93212000000000E-0003
 3.59045173295084E-0001    1.08922630309457E-0001     2.33686080000000E-0002      8.84128200000000E-0003     5.95607250000000E-0003     3.93212000000000E-0003
 3.66891181452565E-0001    1.10906614883866E-0001     2.33686080000000E-0002      8.84128200000000E-0003     5.95607250000000E-0003     3.93212000000000E-0003
 3.70666886168964E-0001    1.11861360247942E-0001     2.33686080000000E-0002      8.84128200000000E-0003     5.95607250000000E-0003     3.93212000000000E-0003
 3.71376307031377E-0001    1.12040748290822E-0001     2.33686080000000E-0002      8.84128200000000E-0003     5.95607250000000E-0003     3.93212000000000E-0003
 3.61413643591086E-0001    1.09521534674313E-0001     2.33686080000000E-0002      8.84128200000000E-0003     5.95607250000000E-0003     3.93212000000000E-0003
 3.54199247031739E-0001    1.07697262866264E-0001     2.33686080000000E-0002      8.84128200000000E-0003     5.95607250000000E-0003     3.93212000000000E-0003
 3.52445658783689E-0001    1.07253840942126E-0001     2.33686080000000E-0002      8.84128200000000E-0003     5.95607250000000E-0003     3.93212000000000E-0003
 3.53214263149674E-0001    1.07448194449709E-0001     2.33686080000000E-0002      8.84128200000000E-0003     5.95607250000000E-0003     3.93212000000000E-0003
 3.50915413403756E-0001    1.06866894718274E-0001     2.33686080000000E-0002      8.84128200000000E-0003     5.95607250000000E-0003     3.93212000000000E-0003
 3.45967835155259E-0001    1.05615822997638E-0001     2.33686080000000E-0002      8.84128200000000E-0003     5.95607250000000E-0003     3.93212000000000E-0003
 3.46191030207502E-0001    1.05672261320394E-0001     2.33686080000000E-0002      8.84128200000000E-0003     5.95607250000000E-0003     3.93212000000000E-0003
 3.39369086571600E-0001    1.03947227306987E-0001     2.33686080000000E-0002      8.84128200000000E-0003     5.95607250000000E-0003     3.93212000000000E-0003
 3.32796501373748E-0001    1.02285247433298E-0001     2.33686080000000E-0002      8.84128200000000E-0003     5.95607250000000E-0003     3.93212000000000E-0003
 3.23424454559609E-0001    9.99153803701139E-0002     2.33686080000000E-0002      8.84128200000000E-0003     5.95607250000000E-0003     3.93212000000000E-0003
 3.22481579946609E-0001    9.96769599338554E-0002     2.33686080000000E-0002      8.84128200000000E-0003     5.95607250000000E-0003     3.93212000000000E-0003
 3.14779134726772E-0001    9.77292774697709E-0002     2.33686080000000E-0002      8.84128200000000E-0003     5.95607250000000E-0003     3.93212000000000E-0003
 3.16197498278456E-0001    9.80879326420526E-0002     2.33686080000000E-0002      8.84128200000000E-0003     5.95607250000000E-0003     3.93212000000000E-0003
 3.16235061713229E-0001    9.80974311378045E-0002     2.33686080000000E-0002      8.84128200000000E-0003     5.95607250000000E-0003     3.93212000000000E-0003
 3.18148282353739E-0001    9.85812185825821E-0002     2.33686080000000E-0002      8.84128200000000E-0003     5.95607250000000E-0003     3.93212000000000E-0003
 3.19135023762459E-0001    9.88307314169481E-0002     2.33686080000000E-0002      8.84128200000000E-0003     5.95607250000000E-0003     3.93212000000000E-0003
 3.20933440661746E-0001    9.92854889592457E-0002     2.33686080000000E-0002      8.84128200000000E-0003     5.95607250000000E-0003     3.93212000000000E-0003
 3.21996124593638E-0001    9.95542050357559E-0002     2.33686080000000E-0002      8.84128200000000E-0003     5.95607250000000E-0003     3.93212000000000E-0003
 3.24176861967007E-0001    1.00105638226081E-0001     2.33686080000000E-0002      8.84128200000000E-0003     5.95607250000000E-0003     3.93212000000000E-0003
 3.23988403155114E-0001    1.00057983499219E-0001     2.33686080000000E-0002      8.84128200000000E-0003     5.95607250000000E-0003     3.93212000000000E-0003
 3.27730108708764E-0001    1.01004131648879E-0001     2.33686080000000E-0002      8.84128200000000E-0003     5.95607250000000E-0003     3.93212000000000E-0003
 3.31381515021516E-0001    1.01927446238158E-0001     2.33686080000000E-0002      8.84128200000000E-0003     5.95607250000000E-0003     3.93212000000000E-0003
 3.28049806982170E-0001    1.01084972304429E-0001     2.33686080000000E-0002      8.84128200000000E-0003     5.95607250000000E-0003     3.93212000000000E-0003
 3.29846785521315E-0001    1.01539366135107E-0001     2.33686080000000E-0002      8.84128200000000E-0003     5.95607250000000E-0003     3.93212000000000E-0003
 3.31556060401200E-0001    1.01971582738385E-0001     2.33686080000000E-0002      8.84128200000000E-0003     5.95607250000000E-0003     3.93212000000000E-0003
 3.33266675460664E-0001    1.02404138226808E-0001     2.33686080000000E-0002      8.84128200000000E-0003     5.95607250000000E-0003     3.93212000000000E-0003
 3.34809724354051E-0001    1.02794322017163E-0001     2.33686080000000E-0002      8.84128200000000E-0003     5.95607250000000E-0003     3.93212000000000E-0003
 3.32187667803808E-0001    1.02131294443842E-0001     2.33686080000000E-0002      8.84128200000000E-0003     5.95607250000000E-0003     3.93212000000000E-0003
 3.35465293881153E-0001    1.02960092916596E-0001     2.33686080000000E-0002      8.84128200000000E-0003     5.95607250000000E-0003     3.93212000000000E-0003
 3.36807241139995E-0001    1.03299425046741E-0001     2.33686080000000E-0002      8.84128200000000E-0003     5.95607250000000E-0003     3.93212000000000E-0003
 3.33210283569422E-0001    1.02389878664480E-0001     2.33686080000000E-0002      8.84128200000000E-0003     5.95607250000000E-0003     3.93212000000000E-0003
 3.34511820668349E-0001    1.02718992460370E-0001     2.33686080000000E-0002      8.84128200000000E-0003     5.95607250000000E-0003     3.93212000000000E-0003
 3.37612263228477E-0001    1.03502987338998E-0001     2.33686080000000E-0002      8.84128200000000E-0003     5.95607250000000E-0003     3.93212000000000E-0003
 3.38736435770840E-0001    1.03787251762162E-0001     2.33686080000000E-0002      8.84128200000000E-0003     5.95607250000000E-0003     3.93212000000000E-0003
 3.35207339796856E-0001    1.02894865234712E-0001     2.33686080000000E-0002      8.84128200000000E-0003     5.95607250000000E-0003     3.93212000000000E-0003
 3.33613456494533E-0001    1.02491827177429E-0001     2.33686080000000E-0002      8.84128200000000E-0003     5.95607250000000E-0003     3.93212000000000E-0003
 3.33963046131352E-0001    1.02580226326768E-0001     2.33686080000000E-0002      8.84128200000000E-0003     5.95607250000000E-0003     3.93212000000000E-0003
 3.32250961116164E-0001    1.02147299137293E-0001     2.33686080000000E-0002      8.84128200000000E-0003     5.95607250000000E-0003     3.93212000000000E-0003
 3.35141626774635E-0001    1.02878248680178E-0001     2.33686080000000E-0002      8.84128200000000E-0003     5.95607250000000E-0003     3.93212000000000E-0003
 3.35960191863536E-0001    1.03085235529661E-0001     2.33686080000000E-0002      8.84128200000000E-0003     5.95607250000000E-0003     3.93212000000000E-0003
 3.31880629451112E-0001    1.02053655045147E-0001     2.33686080000000E-0002      8.84128200000000E-0003     5.95607250000000E-0003     3.93212000000000E-0003
 3.32529522081162E-0001    1.02217737587840E-0001     2.33686080000000E-0002      8.84128200000000E-0003     5.95607250000000E-0003     3.93212000000000E-0003
 3.28860274266227E-0001    1.01289911498649E-0001     2.33686080000000E-0002      8.84128200000000E-0003     5.95607250000000E-0003     3.93212000000000E-0003
 3.31470062064545E-0001    1.01949836728195E-0001     2.33686080000000E-0002      8.84128200000000E-0003     5.95607250000000E-0003     3.93212000000000E-0003
 3.28384256476156E-0001    1.01169543034369E-0001     2.33686080000000E-0002      8.84128200000000E-0003     5.95607250000000E-0003     3.93212000000000E-0003
 3.20076464163361E-0001    9.90687891904841E-0002     2.33686080000000E-0002      8.84128200000000E-0003     5.95607250000000E-0003     3.93212000000000E-0003
 3.18115975384961E-0001    9.85730492655977E-0002     2.33686080000000E-0002      8.84128200000000E-0003     5.95607250000000E-0003     3.93212000000000E-0003
 3.20643722908484E-0001    9.92122293421426E-0002     2.33686080000000E-0002      8.84128200000000E-0003     5.95607250000000E-0003     3.93212000000000E-0003
 3.20827797498739E-0001    9.92587754507212E-0002     2.33686080000000E-0002      8.84128200000000E-0003     5.95607250000000E-0003     3.93212000000000E-0003
 3.23294592043778E-0001    9.98825426234495E-0002     2.33686080000000E-0002      8.84128200000000E-0003     5.95607250000000E-0003     3.93212000000000E-0003
 3.19675836518637E-0001    9.89674842910677E-0002     2.33686080000000E-0002      8.84128200000000E-0003     5.95607250000000E-0003     3.93212000000000E-0003
 3.17318572280267E-0001    9.83714135512898E-0002     2.33686080000000E-0002      8.84128200000000E-0003     5.95607250000000E-0003     3.93212000000000E-0003
 3.19698257504042E-0001    9.89731537841773E-0002     2.33686080000000E-0002      8.84128200000000E-0003     5.95607250000000E-0003     3.93212000000000E-0003
 3.22052302110057E-0001    9.95684103900926E-0002     2.33686080000000E-0002      8.84128200000000E-0003     5.95607250000000E-0003     3.93212000000000E-0003
 3.21949553729128E-0001    9.95424288720114E-0002     2.33686080000000E-0002      8.84128200000000E-0003     5.95607250000000E-0003     3.93212000000000E-0003
 3.21993106146427E-0001    9.95534417746701E-0002     2.33686080000000E-0002      8.84128200000000E-0003     5.95607250000000E-0003     3.93212000000000E-0003
 3.24278274435782E-0001    1.00131281938102E-0001     2.33686080000000E-0002      8.84128200000000E-0003     5.95607250000000E-0003     3.93212000000000E-0003
 3.23297797083925E-0001    9.98833530674464E-0002     2.33686080000000E-0002      8.84128200000000E-0003     5.95607250000000E-0003     3.93212000000000E-0003
 3.23235375087176E-0001    9.98675686996293E-0002     2.33686080000000E-0002      8.84128200000000E-0003     5.95607250000000E-0003     3.93212000000000E-0003
 3.25458795939075E-0001    1.00429795068000E-0001     2.33686080000000E-0002      8.84128200000000E-0003     5.95607250000000E-0003     3.93212000000000E-0003
 3.23001509953744E-0001    9.98084322817327E-0002     2.33686080000000E-0002      8.84128200000000E-0003     5.95607250000000E-0003     3.93212000000000E-0003
 3.25097492561859E-0001    1.00338433918140E-0001     2.33686080000000E-0002      8.84128200000000E-0003     5.95607250000000E-0003     3.93212000000000E-0003
 3.24515128944804E-0001    1.00191174265875E-0001     2.33686080000000E-0002      8.84128200000000E-0003     5.95607250000000E-0003     3.93212000000000E-0003
 3.26571935626123E-0001    1.00711269662971E-0001     2.33686080000000E-0002      8.84128200000000E-0003     5.95607250000000E-0003     3.93212000000000E-0003
 3.28612152282622E-0001    1.01227170015571E-0001     2.33686080000000E-0002      8.84128200000000E-0003     5.95607250000000E-0003     3.93212000000000E-0003
 3.27904229447923E-0001    1.01048160772179E-0001     2.33686080000000E-0002      8.84128200000000E-0003     5.95607250000000E-0003     3.93212000000000E-0003
 3.20196592611918E-0001    9.90991655276102E-0002     2.33686080000000E-0002      8.84128200000000E-0003     5.95607250000000E-0003     3.93212000000000E-0003
 3.18076300409212E-0001    9.85630168340354E-0002     2.33686080000000E-0002      8.84128200000000E-0003     5.95607250000000E-0003     3.93212000000000E-0003
 3.14475452755599E-0001    9.76524867840821E-0002     2.33686080000000E-0002      8.84128200000000E-0003     5.95607250000000E-0003     3.93212000000000E-0003
 3.13486853335031E-0001    9.74025041226688E-0002     2.33686080000000E-0002      8.84128200000000E-0003     5.95607250000000E-0003     3.93212000000000E-0003
 3.12589436700910E-0001    9.71755784398020E-0002     2.33686080000000E-0002      8.84128200000000E-0003     5.95607250000000E-0003     3.93212000000000E-0003
 3.14406664663122E-0001    9.76350926504490E-0002     2.33686080000000E-0002      8.84128200000000E-0003     5.95607250000000E-0003     3.93212000000000E-0003
 3.02927388269621E-0001    9.47323799801373E-0002     2.33686080000000E-0002      8.84128200000000E-0003     5.95607250000000E-0003     3.93212000000000E-0003
 3.04623680853014E-0001    9.51613138088549E-0002     2.33686080000000E-0002      8.84128200000000E-0003     5.95607250000000E-0003     3.93212000000000E-0003
