10   9500    2.90000000000000E+0000     6.27493862646391E+0000
11   9234    4.11545829262094E+0000     1.40826821478524E+0001
12   8664    4.90354000773724E+0000     1.88362380064485E+0001
13   7828    5.67379795651380E+0000     2.25518261708074E+0001
14   7182    6.35403918151532E+0000     2.56991962284703E+0001
15   6726    6.87212470372081E+0000     2.81019766512328E+0001
16   6194    7.48018091634800E+0000     3.02838763105617E+0001
17   5529    8.09962692375551E+0000     3.12558920681089E+0001
18   5054    8.63886963351756E+0000     3.22430054134538E+0001
19   4788    9.06184781496540E+0000     3.36009298733890E+0001
20   4636    9.38474146981677E+0000     3.50964392785905E+0001
21   4351    9.91729304837078E+0000     3.65330728918233E+0001
22   4047    1.04721249715246E+0001     3.76842987594240E+0001
23   3876    1.09430859846333E+0001     3.92757563675139E+0001
24   3591    1.15161363999076E+0001     4.00636840413175E+0001
25   3344    1.20610857715844E+0001     4.05934097718606E+0001
26   3059    1.27083101573466E+0001     4.06751727725322E+0001
27   2964    1.30661551865836E+0001     4.14896194002958E+0001
28   2774    1.35292689350888E+0001     4.13004454017481E+0001
29   2736    1.37977987343715E+0001     4.24167065605640E+0001
30   2679    1.40935495483406E+0001     4.33056793505535E+0001
31   2660    1.43060771497409E+0001     4.43269219687428E+0001
32   2622    1.45719390634373E+0001     4.52822222801918E+0001
33   2584    1.48944720629009E+0001     4.65304942878094E+0001
34   2546    1.51816910735858E+0001     4.75611607335052E+0001
35   2508    1.55469441468176E+0001     4.89341727963091E+0001
36   2470    1.57742617887504E+0001     4.96135394605289E+0001
37   2470    1.60098544089739E+0001     5.11211025073875E+0001
38   2470    1.62397614308886E+0001     5.26148632095820E+0001
39   2394    1.65388722572482E+0001     5.29066694367737E+0001
40   2375    1.67888539262545E+0001     5.40968562144295E+0001
41   2356    1.70370781856852E+0001     5.52734541248970E+0001
42   2337    1.72894277972427E+0001     5.64668436532081E+0001
43   2318    1.75346718127288E+0001     5.76174313087348E+0001
44   2261    1.77963663942452E+0001     5.79077712107953E+0001
45   2261    1.80218151646489E+0001     5.93915204823982E+0001
46   2242    1.82676293758485E+0001     6.05152037810864E+0001
47   2185    1.84881568142340E+0001     6.04434787007389E+0001
48   2166    1.87437853112609E+0001     6.15808669946049E+0001
49   2166    1.89664002295103E+0001     6.30561481154618E+0001
50   2147    1.92156755145948E+0001     6.41541162598582E+0001
51   2090    1.94771324456127E+0001     6.41746034706700E+0001
52   2052    1.97170197337751E+0001     6.45835035726312E+0001
53   2033    1.99280339508034E+0001     6.53799363473316E+0001
54   1995    2.01741493014156E+0001     6.57580644291308E+0001
55   1995    2.03994922590017E+0001     6.72324348376432E+0001
56   1976    2.06600663532795E+0001     6.82898330480557E+0001
57   1919    2.09431128229137E+0001     6.81482307593696E+0001
58   1900    2.12056578604537E+0001     6.91643611763955E+0001
59   1843    2.15518745863021E+0001     6.92628507333102E+0001
60   1843    2.17721007371463E+0001     7.06928169364710E+0001
61   1805    2.19645839900532E+0001     7.05172451911852E+0001
62   1710    2.24292619722391E+0001     6.95836143906479E+0001
63   1672    2.27566631617048E+0001     7.00129086860376E+0001
64   1672    2.29917814696068E+0001     7.14643321974585E+0001
65   1653    2.32733733095432E+0001     7.23785126779686E+0001
66   1653    2.35054594214185E+0001     7.38266098930190E+0001
67   1615    2.37100507507511E+0001     7.34392477732671E+0001
68   1577    2.40489079783421E+0001     7.37445302209419E+0001
69   1577    2.42835883934240E+0001     7.51859814000763E+0001
70   1577    2.45157401754081E+0001     7.66258852728975E+0001
71   1558    2.48044561785286E+0001     7.74732755625661E+0001
72   1539    2.51150851471312E+0001     7.84012919699741E+0001
73   1539    2.53460088942833E+0001     7.98435643889383E+0001
74   1520    2.55625150491042E+0001     8.02337258063490E+0001
75   1501    2.58796235466843E+0001     8.11425052446532E+0001
76   1501    2.61099957145288E+0001     8.25853171590571E+0001
77   1463    2.65269610425481E+0001     8.29424018217678E+0001
78   1463    2.67497698610153E+0001     8.43260632592977E+0001
79   1444    2.70390190701486E+0001     8.50022582596823E+0001
80   1444    2.72605402767200E+0001     8.63858421954620E+0001
81   1444    2.74802747123963E+0001     8.77695862938501E+0001
82   1425    2.77694174181248E+0001     8.84076719368682E+0001
83   1368    2.80502342605384E+0001     8.65202744339195E+0001
84   1349    2.82008676906241E+0001     8.62192310968168E+0001
85   1311    2.85911236487526E+0001     8.60303882644858E+0001
86   1292    2.88925813758831E+0001     8.65238166975321E+0001
87   1273    2.92141775408270E+0001     8.70782606141666E+0001
88   1273    2.94361862615126E+0001     8.83796422355883E+0001
89   1197    2.98136980956306E+0001     8.51076317807526E+0001
90   1197    3.00340900011842E+0001     8.63492558955003E+0001
