Возраст Ствол.древ. Кора_ств. Ветки Хвоя Корни детрит вырублен
10 7.73396519651206E+0000 3.21206028119777E-0001 1.05636092491588E+0000 8.41330245115819E-0001 2.38868697471925E+0000 0.00000000000000E+0000 0.00000000000000E+0000
15 3.87888241621159E+0001 2.20433139219406E+0000 4.13271288797689E+0000 4.11624682495951E+0000 1.18181076641391E+0001 2.50923112041046E+0000 0.00000000000000E+0000
20 5.33862649025554E+0001 3.36337417016594E+0000 7.46542897671302E+0000 4.01765400746678E+0000 1.63758532936563E+0001 6.52233560317324E+0000 0.00000000000000E+0000
25 6.64131387475066E+0001 4.51219827207894E+0000 7.76202676446934E+0000 3.93556133249403E+0000 1.98295020279717E+0001 8.33793184737841E+0000 0.00000000000000E+0000
30 7.39393671863501E+0001 5.25159407886239E+0000 7.52141892831411E+0000 3.80234140152911E+0000 2.17235331828134E+0001 1.01047959187377E+0001 0.00000000000000E+0000
35 8.61781409348349E+0001 6.32604970809257E+0000 8.19798021567436E+0000 4.03502854016174E+0000 2.51369278557032E+0001 6.16093544894888E+0000 0.00000000000000E+0000
40 9.79595413628891E+0001 7.40962416321617E+0000 8.74256378274379E+0000 4.22049468726275E+0000 2.83997337590669E+0001 5.68144247812930E+0000 0.00000000000000E+0000
45 1.10331403367507E+0002 8.57793528516195E+0000 9.31227622173750E+0000 4.45177361622623E+0000 3.18416132377520E+0001 5.45926772195219E+0000 0.00000000000000E+0000
50 1.21957842907884E+0002 9.71969956383423E+0000 9.82406868364733E+0000 4.64797131513215E+0000 3.50758997929195E+0001 5.97761627477342E+0000 0.00000000000000E+0000
55 1.30600656231131E+0002 1.06533418571701E+0001 1.01122095285649E+0001 4.76674197569898E+0000 3.74719079022156E+0001 8.95691896988965E+0000 0.00000000000000E+0000
60 1.40449858608810E+0002 1.17346709614236E+0001 1.04639359395425E+0001 4.86435666097032E+0000 4.02030773209791E+0001 9.39113266628387E+0000 0.00000000000000E+0000
65 1.47134067714939E+0002 1.25962228722522E+0001 1.05619252430112E+0001 4.91883370774951E+0000 4.20506518891085E+0001 1.17289815952067E+0001 0.00000000000000E+0000
70 1.58667281494146E+0002 1.38545944242107E+0001 1.10542102293432E+0001 5.08376676318829E+0000 4.52783646986134E+0001 8.63665597227891E+0000 0.00000000000000E+0000
75 1.71110852081448E+0002 1.52329451601792E+0001 1.15257364856640E+0001 5.22868759789109E+0000 4.87435731180440E+0001 7.82370971840216E+0000 0.00000000000000E+0000
80 1.85271897941659E+0002 1.67899187725207E+0001 1.20177202494332E+0001 5.34073954458919E+0000 5.26608663619683E+0001 5.59683124704986E+0000 0.00000000000000E+0000
85 1.87339840291977E+0002 1.72503547472093E+0001 1.16845932237179E+0001 5.18602423505990E+0000 5.31505949995114E+0001 1.87332988416478E+0001 0.00000000000000E+0000
