Возраст Ствол.древ. Кора_ств. Ветки Хвоя Корни детрит вырублен
10 2.13566787424518E+0000 9.33637738769677E-0002 2.80029363251560E-0001 2.22171399301095E-0001 6.55495778561954E-0001 0.00000000000000E+0000 0.00000000000000E+0000
15 1.53138665938614E+0001 9.22683605330967E-0001 1.55371773710963E+0000 1.71256268440666E+0000 4.68067934897011E+0000 8.19364351322016E-0001 0.00000000000000E+0000
20 2.65746618075754E+0001 1.78424397215085E+0000 3.74772225374034E+0000 2.01751326088070E+0000 8.18979391064335E+0000 2.30585161844554E+0000 0.00000000000000E+0000
25 3.67260239908263E+0001 2.63755741740602E+0000 4.26283125475088E+0000 2.24485061852471E+0000 1.10091031875619E+0001 3.23571902521966E+0000 0.00000000000000E+0000
30 4.61685189056391E+0001 3.47786460761877E+0000 4.73228953569954E+0000 2.41737988865350E+0000 1.36310527050266E+0001 3.43455912921727E+0000 0.00000000000000E+0000
35 5.37417528407596E+0001 4.21851865742460E+0000 4.99968438070348E+0000 2.50478552100781E+0000 1.57115379359749E+0001 5.52141674251388E+0000 0.00000000000000E+0000
40 6.16399090383721E+0001 4.99879944686783E+0000 5.32337784568528E+0000 2.60820672464225E+0000 1.78968703333361E+0001 5.72134268987634E+0000 0.00000000000000E+0000
45 6.90639241192230E+0001 5.76713238098210E+0000 5.59126128848105E+0000 2.69808130616453E+0000 1.99488957827642E+0001 6.27193833048736E+0000 0.00000000000000E+0000
50 7.65097269385986E+0001 6.55123729190351E+0000 5.86588219192611E+0000 2.78802974824980E+0000 2.20115702809627E+0001 5.99970705918992E+0000 0.00000000000000E+0000
55 8.25757348048508E+0001 7.22893157359139E+0000 6.03382363505006E+0000 2.83075738169323E+0000 2.36806193748445E+0001 8.05248880299169E+0000 0.00000000000000E+0000
60 8.90005128460714E+0001 7.96702246225028E+0000 6.22309611370072E+0000 2.89273111973991E+0000 2.54600070100230E+0001 6.83190321729510E+0000 0.00000000000000E+0000
65 9.62341722433919E+0001 8.78768804984741E+0000 6.46976003367391E+0000 2.97230488954063E+0000 2.74713420519489E+0001 5.59945031133189E+0000 0.00000000000000E+0000
70 1.02719464641000E+0002 9.55301831733528E+0000 6.65775332435732E+0000 3.02908059102998E+0000 2.92702360496936E+0001 5.90742614621857E+0000 0.00000000000000E+0000
75 1.07292949021460E+0002 1.01466719592439E+0001 6.73001156839384E+0000 3.03575702135156E+0000 3.05292934969081E+0001 7.84171719526671E+0000 0.00000000000000E+0000
80 1.12917424318144E+0002 1.08550187633300E+0001 6.86135181995353E+0000 3.06674842515169E+0000 3.20881303983792E+0001 8.43414038659862E+0000 0.00000000000000E+0000
85 1.16342344847918E+0002 1.13589435229217E+0001 6.86678633793361E+0000 3.05332613041912E+0000 3.30291362014064E+0001 1.04493207622749E+0001 0.00000000000000E+0000
