Возраст Ствол.древ. Кора_ств. Ветки Хвоя Корни детрит вырублен
10 5.97187843264623E+0000 2.51932631710566E-0001 8.05528690291254E-0001 6.40801334508569E-0001 1.84083386139759E+0000 0.00000000000000E+0000 0.00000000000000E+0000
15 3.49447293829140E+0001 2.03048894984698E+0000 3.65466547431677E+0000 3.86811900910822E+0000 1.06795206758846E+0001 1.83266333121428E+0000 0.00000000000000E+0000
20 5.03027704321603E+0001 3.23002962613670E+0000 7.07749004256224E+0000 3.57438063999811E+0000 1.54043209778057E+0001 5.12317815860262E+0000 0.00000000000000E+0000
25 6.34125049809292E+0001 4.34659811094368E+0000 7.31522302334146E+0000 3.80096098245961E+0000 1.89300689034418E+0001 6.96689195991210E+0000 0.00000000000000E+0000
30 7.17130444521811E+0001 5.15624115476845E+0000 7.32647297057148E+0000 3.46085732833864E+0000 2.10375878174063E+0001 9.43131425143862E+0000 0.00000000000000E+0000
35 8.19651433348691E+0001 6.12806618902123E+0000 7.55832645832573E+0000 3.73547895117706E+0000 2.38528835840143E+0001 7.79721923907788E+0000 0.00000000000000E+0000
40 8.73640478674081E+0001 6.76642411250372E+0000 7.66005455774070E+0000 3.69732702360240E+0000 2.53170848547012E+0001 1.36689464288068E+0001 0.00000000000000E+0000
45 9.39935825886240E+0001 7.49822954844789E+0000 7.78507084062106E+0000 3.76648352193650E+0000 2.71304079599110E+0001 1.18655690064191E+0001 0.00000000000000E+0000
50 1.03220456549212E+0002 8.44715059537227E+0000 8.20173239108807E+0000 3.91360381231447E+0000 2.97079064035169E+0001 8.89617428557951E+0000 0.00000000000000E+0000
55 1.09565004601756E+0002 9.18251619112425E+0000 8.33791810831985E+0000 3.93108512450850E+0000 3.14439657661701E+0001 1.19298423623386E+0001 0.00000000000000E+0000
60 1.17754419952568E+0002 1.00948411478154E+0001 8.63240725329486E+0000 4.03962098651998E+0000 3.37251094416477E+0001 1.03946726815758E+0001 0.00000000000000E+0000
65 1.27221439572474E+0002 1.11396655617315E+0001 8.97680971666359E+0000 4.14464910806750E+0000 3.63558153501450E+0001 8.97515253818978E+0000 0.00000000000000E+0000
70 1.32331659803982E+0002 1.18114752976641E+0001 8.98273870156937E+0000 4.09456147577031E+0000 3.77329044669565E+0001 1.37210648166106E+0001 0.00000000000000E+0000
75 1.34676590855393E+0002 1.22577523095465E+0001 8.79147860325643E+0000 3.93584271050179E+0000 3.83187994748874E+0001 1.60275268805819E+0001 0.00000000000000E+0000
80 1.38497112961976E+0002 1.28058541859427E+0001 8.75435505628624E+0000 3.95082397947763E+0000 3.93619550840836E+0001 1.45322421439920E+0001 0.00000000000000E+0000
85 1.41349144922061E+0002 1.32710436812745E+0001 8.73213080711573E+0000 3.91716033710955E+0000 4.01446751394146E+0001 1.27423860110866E+0001 0.00000000000000E+0000
